350.00 262.00
350.00 261.83
350.00 261.67
350.00 261.50
349.83 261.67
349.67 261.83
349.50 262.00
349.50 261.83
349.50 261.67
349.50 261.50
349.50 261.50
349.50 261.50
349.50 261.50
349.17 261.50
348.83 261.50
348.50 261.50
348.33 261.33
348.17 261.17
348.00 261.00
347.83 260.67
347.67 260.33
347.50 260.00
347.67 259.83
347.83 259.67
348.00 259.50
348.17 259.50
348.33 259.50
348.50 259.50
348.17 259.50
347.83 259.50
347.50 259.50
347.67 259.17
347.83 258.83
348.00 258.50
347.83 258.33
347.67 258.17
347.50 258.00
347.67 258.00
347.83 258.00
348.00 258.00
347.83 258.00
347.67 258.00
347.50 258.00
347.50 258.00
347.50 258.00
347.50 258.00
347.50 258.00
347.50 258.00
347.50 258.00
347.33 257.83
347.17 257.67
347.00 257.50
346.83 257.50
346.67 257.50
346.50 257.50
346.67 257.33
346.83 257.17
347.00 257.00
346.83 257.00
346.67 257.00
346.50 257.00
346.33 257.17
346.17 257.33
346.00 257.50
345.67 257.33
345.33 257.17
345.00 257.00
344.17 256.83
343.33 256.67
342.50 256.50
342.17 256.50
341.83 256.50
341.50 256.50
338.00 256.17
334.50 255.83
331.00 255.50
329.83 255.50
328.67 255.50
327.50 255.50
326.83 255.00
326.17 254.50
325.50 254.00
324.83 254.00
324.17 254.00
323.50 254.00
322.67 254.17
321.83 254.33
321.00 254.50
320.33 254.33
319.67 254.17
319.00 254.00
318.00 254.17
317.00 254.33
316.00 254.50
315.33 254.33
314.67 254.17
314.00 254.00
313.00 254.17
312.00 254.33
311.00 254.50
310.00 254.67
309.00 254.83
308.00 255.00
306.50 254.50
305.00 254.00
303.50 253.50
302.83 253.67
302.17 253.83
301.50 254.00
300.67 253.83
299.83 253.67
299.00 253.50
297.33 254.17
295.67 254.83
294.00 255.50
293.50 255.67
293.00 255.83
292.50 256.00
291.83 255.67
291.17 255.33
290.50 255.00
290.00 255.33
289.50 255.67
289.00 256.00
288.33 255.67
287.67 255.33
287.00 255.00
286.33 255.00
285.67 255.00
285.00 255.00
284.33 254.50
283.67 254.00
283.00 253.50
282.33 254.17
281.67 254.83
281.00 255.50
280.33 254.67
279.67 253.83
279.00 253.00
278.67 253.17
278.33 253.33
278.00 253.50
277.50 253.33
277.00 253.17
276.50 253.00
275.83 252.83
275.17 252.67
274.50 252.50
271.17 252.67
267.83 252.83
264.50 253.00
264.17 252.67
263.83 252.33
263.50 252.00
263.17 251.83
262.83 251.67
262.50 251.50
262.00 251.67
261.50 251.83
261.00 252.00
260.50 251.83
260.00 251.67
259.50 251.50
259.17 251.50
258.83 251.50
258.50 251.50
258.17 251.67
257.83 251.83
257.50 252.00
257.50 251.83
257.50 251.67
257.50 251.50
257.33 251.50
257.17 251.50
257.00 251.50
257.17 251.33
257.33 251.17
257.50 251.00
259.83 250.67
262.17 250.33
264.50 250.00
264.83 249.67
265.17 249.33
265.50 249.00
265.33 248.67
265.17 248.33
265.00 248.00
265.33 247.50
265.67 247.00
266.00 246.50
266.17 246.17
266.33 245.83
266.50 245.50
265.67 243.83
264.83 242.17
264.00 240.50
264.17 239.67
264.33 238.83
264.50 238.00
264.83 237.50
265.17 237.00
265.50 236.50
265.67 235.83
265.83 235.17
266.00 234.50
266.17 234.00
266.33 233.50
266.50 233.00
266.50 232.50
266.50 232.00
266.50 231.50
266.83 230.83
267.17 230.17
267.50 229.50
267.83 229.00
268.17 228.50
268.50 228.00
268.50 227.50
268.50 227.00
268.50 226.50
269.00 226.17
269.50 225.83
270.00 225.50
270.50 225.00
271.00 224.50
271.50 224.00
271.83 223.33
272.17 222.67
272.50 222.00
274.17 220.67
275.83 219.33
277.50 218.00
278.00 217.67
278.50 217.33
279.00 217.00
279.67 216.50
280.33 216.00
281.00 215.50
281.17 215.00
281.33 214.50
281.50 214.00
282.00 213.67
282.50 213.33
283.00 213.00
284.00 212.50
285.00 212.00
286.00 211.50
286.83 211.33
287.67 211.17
288.50 211.00
289.17 210.50
289.83 210.00
290.50 209.50
291.17 209.33
291.83 209.17
292.50 209.00
293.00 208.67
293.50 208.33
294.00 208.00
294.67 208.17
295.33 208.33
296.00 208.50
296.50 208.50
297.00 208.50
297.50 208.50
297.83 208.67
298.17 208.83
298.50 209.00
299.33 209.17
300.17 209.33
301.00 209.50
302.00 209.33
303.00 209.17
304.00 209.00
305.67 209.33
307.33 209.67
309.00 210.00
309.83 209.83
310.67 209.67
311.50 209.50
312.67 209.50
313.83 209.50
315.00 209.50
316.33 209.67
317.67 209.83
319.00 210.00
320.00 210.00
321.00 210.00
322.00 210.00
323.17 210.17
324.33 210.33
325.50 210.50
326.83 210.83
328.17 211.17
329.50 211.50
330.17 211.83
330.83 212.17
331.50 212.50
332.17 212.33
332.83 212.17
333.50 212.00
334.33 212.17
335.17 212.33
336.00 212.50
336.83 212.50
337.67 212.50
338.50 212.50
339.33 212.67
340.17 212.83
341.00 213.00
341.67 213.33
342.33 213.67
343.00 214.00
343.83 214.17
344.67 214.33
345.50 214.50
346.67 214.67
347.83 214.83
349.00 215.00
349.67 215.50
350.33 216.00
351.00 216.50
352.00 216.67
353.00 216.83
354.00 217.00
355.17 217.50
356.33 218.00
357.50 218.50
358.33 218.67
359.17 218.83
360.00 219.00
360.83 219.33
361.67 219.67
362.50 220.00
363.17 220.33
363.83 220.67
364.50 221.00
365.33 221.00
366.17 221.00
367.00 221.00
369.50 222.00
372.00 223.00
374.50 224.00
376.33 225.00
378.17 226.00
380.00 227.00
381.17 227.33
382.33 227.67
383.50 228.00
384.50 228.50
385.50 229.00
386.50 229.50
387.33 229.83
388.17 230.17
389.00 230.50
390.17 230.67
391.33 230.83
392.50 231.00
395.50 233.00
398.50 235.00
401.50 237.00
402.17 237.17
402.83 237.33
403.50 237.50
404.33 237.83
405.17 238.17
406.00 238.50
406.67 239.00
407.33 239.50
408.00 240.00
408.83 240.17
409.67 240.33
410.50 240.50
410.83 240.83
411.17 241.17
411.50 241.50
412.33 241.50
413.17 241.50
414.00 241.50
414.50 241.83
415.00 242.17
415.50 242.50
416.17 242.83
416.83 243.17
417.50 243.50
418.17 243.83
418.83 244.17
419.50 244.50
419.83 244.83
420.17 245.17
420.50 245.50
421.00 245.83
421.50 246.17
422.00 246.50
422.50 247.00
423.00 247.50
423.50 248.00
425.17 249.17
426.83 250.33
428.50 251.50
428.83 251.83
429.17 252.17
429.50 252.50
429.67 252.50
429.83 252.50
430.00 252.50
430.17 252.17
430.33 251.83
430.50 251.50
430.83 251.67
431.17 251.83
431.50 252.00
431.50 252.00
431.50 252.00
431.50 252.00
431.50 252.33
431.50 252.67
431.50 253.00
431.50 253.17
431.50 253.33
431.50 253.50
431.33 253.67
431.17 253.83
431.00 254.00
430.50 253.83
430.00 253.67
429.50 253.50
429.17 253.17
428.83 252.83
428.50 252.50
428.17 252.33
427.83 252.17
427.50 252.00
427.00 251.83
426.50 251.67
426.00 251.50
425.67 251.50
425.33 251.50
425.00 251.50
425.00 251.67
425.00 251.83
425.00 252.00
424.83 252.00
424.67 252.00
424.50 252.00
424.33 252.50
424.17 253.00
424.00 253.50
425.83 256.67
427.67 259.83
429.50 263.00
429.17 263.67
428.83 264.33
428.50 265.00
428.33 265.00
428.17 265.00
428.00 265.00
428.17 265.17
428.33 265.33
428.50 265.50
428.17 265.50
427.83 265.50
427.50 265.50
427.33 266.00
427.17 266.50
427.00 267.00
427.17 267.33
427.33 267.67
427.50 268.00
427.67 268.67
427.83 269.33
428.00 270.00
427.50 270.50
427.00 271.00
426.50 271.50
426.67 272.00
426.83 272.50
427.00 273.00
426.83 273.33
426.67 273.67
426.50 274.00
426.50 274.67
426.50 275.33
426.50 276.00
426.17 276.67
425.83 277.33
425.50 278.00
426.67 279.83
427.83 281.67
429.00 283.50
428.50 284.00
428.00 284.50
427.50 285.00
427.33 285.17
427.17 285.33
427.00 285.50
427.00 285.83
427.00 286.17
427.00 286.50
426.67 286.67
426.33 286.83
426.00 287.00
426.00 287.33
426.00 287.67
426.00 288.00
425.67 288.17
425.33 288.33
425.00 288.50
422.67 286.33
420.33 284.17
418.00 282.00
417.67 281.50
417.33 281.00
417.00 280.50
416.67 280.33
416.33 280.17
416.00 280.00
415.17 279.50
414.33 279.00
413.50 278.50
413.00 278.33
412.50 278.17
412.00 278.00
411.33 277.33
410.67 276.67
410.00 276.00
409.50 275.50
409.00 275.00
408.50 274.50
407.83 274.33
407.17 274.17
406.50 274.00
405.83 273.67
405.17 273.33
404.50 273.00
403.83 272.67
403.17 272.33
402.50 272.00
401.67 271.67
400.83 271.33
400.00 271.00
399.00 270.50
398.00 270.00
397.00 269.50
396.17 269.00
395.33 268.50
394.50 268.00
393.67 267.67
392.83 267.33
392.00 267.00
391.00 266.33
390.00 265.67
389.00 265.00
387.83 264.50
386.67 264.00
385.50 263.50
384.67 263.67
383.83 263.83
383.00 264.00
383.17 264.00
383.33 264.00
383.50 264.00
382.33 263.67
381.17 263.33
380.00 263.00
378.33 262.50
376.67 262.00
375.00 261.50
373.67 261.00
372.33 260.50
371.00 260.00
369.83 259.33
368.67 258.67
367.50 258.00
366.00 257.67
364.50 257.33
363.00 257.00
361.17 256.17
359.33 255.33
357.50 254.50
356.00 254.00
354.50 253.50
353.00 253.00
351.83 252.67
350.67 252.33
349.50 252.00
348.17 251.50
346.83 251.00
345.50 250.50
344.33 250.17
343.17 249.83
342.00 249.50
341.00 249.17
340.00 248.83
339.00 248.50
337.67 248.33
336.33 248.17
335.00 248.00
333.83 247.67
332.67 247.33
331.50 247.00
329.00 246.83
326.50 246.67
324.00 246.50
321.00 246.50
318.00 246.50
315.00 246.50
313.83 246.33
312.67 246.17
311.50 246.00
310.33 245.83
309.17 245.67
308.00 245.50
306.67 245.17
305.33 244.83
304.00 244.50
302.83 244.00
301.67 243.50
300.50 243.00
299.33 242.83
298.17 242.67
297.00 242.50
296.00 242.33
295.00 242.17
294.00 242.00
292.50 241.67
291.00 241.33
289.50 241.00
288.50 240.83
287.50 240.67
286.50 240.50
285.17 240.50
283.83 240.50
282.50 240.50
281.67 240.50
280.83 240.50
280.00 240.50
278.83 240.33
277.67 240.17
276.50 240.00
275.50 239.83
274.50 239.67
273.50 239.50
269.83 239.83
266.17 240.17
262.50 240.50
261.67 240.50
260.83 240.50
260.00 240.50
259.17 240.50
258.33 240.50
257.50 240.50
256.83 240.33
256.17 240.17
255.50 240.00
255.00 239.83
254.50 239.67
254.00 239.50
253.33 239.50
252.67 239.50
252.00 239.50
251.17 239.50
250.33 239.50
249.50 239.50
248.67 239.50
247.83 239.50
247.00 239.50
246.33 239.50
245.67 239.50
245.00 239.50
244.33 239.83
243.67 240.17
243.00 240.50
242.33 240.67
241.67 240.83
241.00 241.00
240.83 241.17
240.67 241.33
240.50 241.50
239.83 241.67
239.17 241.83
238.50 242.00
237.83 242.00
237.17 242.00
236.50 242.00
235.83 242.17
235.17 242.33
234.50 242.50
234.33 242.67
234.17 242.83
234.00 243.00
233.50 243.17
233.00 243.33
232.50 243.50
232.33 243.83
232.17 244.17
232.00 244.50
232.17 244.33
232.33 244.17
232.50 244.00
232.50 244.17
232.50 244.33
232.50 244.50
232.83 244.50
233.17 244.50
233.50 244.50
233.50 244.50
233.50 244.50
233.50 244.50
233.50 245.00
233.50 245.50
233.50 246.00
233.83 246.17
234.17 246.33
234.50 246.50
234.67 247.17
234.83 247.83
235.00 248.50
235.17 248.83
235.33 249.17
235.50 249.50
235.67 250.17
235.83 250.83
236.00 251.50
236.17 255.83
236.33 260.17
236.50 264.50
236.50 265.67
236.50 266.83
236.50 268.00
236.83 268.33
237.17 268.67
237.50 269.00
237.67 270.00
237.83 271.00
238.00 272.00
238.17 272.67
238.33 273.33
238.50 274.00
238.83 274.50
239.17 275.00
239.50 275.50
239.33 276.17
239.17 276.83
239.00 277.50
238.83 277.83
238.67 278.17
238.50 278.50
238.50 279.17
238.50 279.83
238.50 280.50
238.50 281.00
238.50 281.50
238.50 282.00
238.67 282.50
238.83 283.00
239.00 283.50
239.00 283.50
239.00 283.50
239.00 283.50
238.83 283.67
238.67 283.83
238.50 284.00
238.83 284.00
239.17 284.00
239.50 284.00
239.50 283.83
239.50 283.67
239.50 283.50
240.00 283.50
240.50 283.50
241.00 283.50
241.50 283.17
242.00 282.83
242.50 282.50
243.00 282.33
243.50 282.17
244.00 282.00
244.83 281.83
245.67 281.67
246.50 281.50
247.67 281.33
248.83 281.17
250.00 281.00
250.50 280.67
251.00 280.33
251.50 280.00
252.50 279.83
253.50 279.67
254.50 279.50
255.33 279.33
256.17 279.17
257.00 279.00
257.67 279.50
258.33 280.00
259.00 280.50
259.83 280.17
260.67 279.83
261.50 279.50
262.50 279.67
263.50 279.83
264.50 280.00
265.50 279.83
266.50 279.67
267.50 279.50
268.50 279.67
269.50 279.83
270.50 280.00
271.33 280.00
272.17 280.00
273.00 280.00
274.50 280.00
276.00 280.00
277.50 280.00
279.17 280.33
280.83 280.67
282.50 281.00
283.83 280.83
285.17 280.67
286.50 280.50
287.67 280.83
288.83 281.17
290.00 281.50
291.33 281.50
292.67 281.50
294.00 281.50
295.33 281.67
296.67 281.83
298.00 282.00
299.67 282.67
301.33 283.33
303.00 284.00
306.50 285.17
310.00 286.33
313.50 287.50
315.50 288.00
317.50 288.50
319.50 289.00
320.67 288.83
321.83 288.67
323.00 288.50
324.83 288.83
326.67 289.17
328.50 289.50
330.00 289.83
331.50 290.17
333.00 290.50
334.33 290.67
335.67 290.83
337.00 291.00
338.50 291.33
340.00 291.67
341.50 292.00
343.17 292.50
344.83 293.00
346.50 293.50
349.83 295.00
353.17 296.50
356.50 298.00
358.17 298.50
359.83 299.00
361.50 299.50
362.50 299.67
363.50 299.83
364.50 300.00
365.33 300.33
366.17 300.67
367.00 301.00
368.17 301.33
369.33 301.67
370.50 302.00
371.33 302.50
372.17 303.00
373.00 303.50
375.17 304.83
377.33 306.17
379.50 307.50
380.83 308.67
382.17 309.83
383.50 311.00
384.17 311.50
384.83 312.00
385.50 312.50
386.17 312.67
386.83 312.83
387.50 313.00
388.00 313.50
388.50 314.00
389.00 314.50
389.67 314.67
390.33 314.83
391.00 315.00
391.33 315.33
391.67 315.67
392.00 316.00
392.67 316.50
393.33 317.00
394.00 317.50
395.50 317.83
397.00 318.17
398.50 318.50
400.50 319.17
402.50 319.83
404.50 320.50
405.17 320.50
405.83 320.50
406.50 320.50
407.00 320.17
407.50 319.83
408.00 319.50
408.17 319.50
408.33 319.50
408.50 319.50
408.83 319.33
409.17 319.17
409.50 319.00
409.83 319.50
410.17 320.00
410.50 320.50
410.33 320.67
410.17 320.83
410.00 321.00
410.00 321.33
410.00 321.67
410.00 322.00
410.17 322.33
410.33 322.67
410.50 323.00
410.33 322.83
410.17 322.67
410.00 322.50
410.17 322.83
410.33 323.17
410.50 323.50
410.33 323.33
410.17 323.17
410.00 323.00
407.33 323.33
404.67 323.67
402.00 324.00
402.00 324.33
402.00 324.67
402.00 325.00
401.50 325.17
401.00 325.33
400.50 325.50
400.17 325.67
399.83 325.83
399.50 326.00
399.33 326.17
399.17 326.33
399.00 326.50
398.50 326.67
398.00 326.83
397.50 327.00
397.00 327.33
396.50 327.67
396.00 328.00
395.67 328.50
395.33 329.00
395.00 329.50
395.17 331.83
395.33 334.17
395.50 336.50
394.83 339.00
394.17 341.50
393.50 344.00
392.50 344.67
391.50 345.33
390.50 346.00
390.00 346.67
389.50 347.33
389.00 348.00
388.67 348.17
388.33 348.33
388.00 348.50
387.67 348.67
387.33 348.83
387.00 349.00
386.67 349.50
386.33 350.00
386.00 350.50
385.83 350.67
385.67 350.83
385.50 351.00
385.33 350.83
385.17 350.67
385.00 350.50
384.67 350.83
384.33 351.17
384.00 351.50
383.50 351.83
383.00 352.17
382.50 352.50
382.33 352.67
382.17 352.83
382.00 353.00
381.83 353.17
381.67 353.33
381.50 353.50
381.83 353.67
382.17 353.83
382.50 354.00
382.50 353.67
382.50 353.33
382.50 353.00
382.17 353.00
381.83 353.00
381.50 353.00
381.00 352.67
380.50 352.33
380.00 352.00
379.17 351.50
378.33 351.00
377.50 350.50
376.33 350.17
375.17 349.83
374.00 349.50
373.00 349.67
372.00 349.83
371.00 350.00
369.83 349.50
368.67 349.00
367.50 348.50
366.33 348.33
365.17 348.17
364.00 348.00
362.67 347.83
361.33 347.67
360.00 347.50
358.50 346.83
357.00 346.17
355.50 345.50
354.50 345.33
353.50 345.17
352.50 345.00
351.50 344.83
350.50 344.67
349.50 344.50
348.17 344.00
346.83 343.50
345.50 343.00
341.67 342.33
337.83 341.67
334.00 341.00
332.33 340.83
330.67 340.67
329.00 340.50
327.67 340.00
326.33 339.50
325.00 339.00
323.67 338.50
322.33 338.00
321.00 337.50
319.83 336.67
318.67 335.83
317.50 335.00
315.50 334.33
313.50 333.67
311.50 333.00
310.00 332.50
308.50 332.00
307.00 331.50
305.50 330.83
304.00 330.17
302.50 329.50
300.83 328.83
299.17 328.17
297.50 327.50
296.17 327.00
294.83 326.50
293.50 326.00
291.50 325.33
289.50 324.67
287.50 324.00
286.00 323.83
284.50 323.67
283.00 323.50
281.50 322.67
280.00 321.83
278.50 321.00
277.00 320.50
275.50 320.00
274.00 319.50
271.50 318.83
269.00 318.17
266.50 317.50
263.00 316.83
259.50 316.17
256.00 315.50
254.67 315.33
253.33 315.17
252.00 315.00
251.00 314.67
250.00 314.33
249.00 314.00
248.00 313.50
247.00 313.00
246.00 312.50
245.00 312.33
244.00 312.17
243.00 312.00
242.33 311.83
241.67 311.67
241.00 311.50
240.33 310.83
239.67 310.17
239.00 309.50
238.33 309.33
237.67 309.17
237.00 309.00
236.17 308.67
235.33 308.33
234.50 308.00
233.83 307.83
233.17 307.67
232.50 307.50
231.83 307.00
231.17 306.50
230.50 306.00
229.67 306.17
228.83 306.33
228.00 306.50
227.67 306.33
227.33 306.17
227.00 306.00
226.50 305.83
226.00 305.67
225.50 305.50
224.33 306.33
223.17 307.17
222.00 308.00
220.67 308.50
219.33 309.00
218.00 309.50
217.50 309.50
217.00 309.50
216.50 309.50
216.50 309.33
216.50 309.17
216.50 309.00
216.17 308.83
215.83 308.67
215.50 308.50
215.67 308.17
215.83 307.83
216.00 307.50
216.17 307.33
216.33 307.17
216.50 307.00
216.67 306.67
216.83 306.33
217.00 306.00
217.33 305.67
217.67 305.33
218.00 305.00
218.00 304.67
218.00 304.33
218.00 304.00
218.17 303.83
218.33 303.67
218.50 303.50
218.67 303.50
218.83 303.50
219.00 303.50
222.17 306.17
225.33 308.83
228.50 311.50
228.67 311.67
228.83 311.83
229.00 312.00
228.67 312.50
228.33 313.00
228.00 313.50
227.83 314.00
227.67 314.50
227.50 315.00
227.33 315.67
227.17 316.33
227.00 317.00
227.00 317.50
227.00 318.00
227.00 318.50
226.33 320.17
225.67 321.83
225.00 323.50
225.00 324.50
225.00 325.50
225.00 326.50
225.17 327.17
225.33 327.83
225.50 328.50
225.67 327.67
225.83 326.83
226.00 326.00
226.17 327.50
226.33 329.00
226.50 330.50
226.50 330.67
226.50 330.83
226.50 331.00
226.67 331.50
226.83 332.00
227.00 332.50
227.17 332.00
227.33 331.50
227.50 331.00
228.00 331.50
228.50 332.00
229.00 332.50
229.17 332.50
229.33 332.50
229.50 332.50
230.17 332.67
230.83 332.83
231.50 333.00
232.33 333.17
233.17 333.33
234.00 333.50
234.67 333.67
235.33 333.83
236.00 334.00
237.50 334.67
239.00 335.33
240.50 336.00
243.83 337.67
247.17 339.33
250.50 341.00
251.50 341.33
252.50 341.67
253.50 342.00
254.17 342.33
254.83 342.67
255.50 343.00
256.50 343.17
257.50 343.33
258.50 343.50
259.17 344.17
259.83 344.83
260.50 345.50
261.33 345.67
262.17 345.83
263.00 346.00
264.00 346.50
265.00 347.00
266.00 347.50
266.83 348.33
267.67 349.17
268.50 350.00
268.50 350.67
268.50 351.33
268.50 352.00
268.50 353.67
268.50 355.33
268.50 357.00
269.17 357.50
269.83 358.00
270.50 358.50
271.50 359.00
272.50 359.50
273.50 360.00
274.33 360.33
275.17 360.67
276.00 361.00
276.67 361.17
277.33 361.33
278.00 361.50
279.17 361.67
280.33 361.83
281.50 362.00
282.50 362.33
283.50 362.67
284.50 363.00
286.00 363.33
287.50 363.67
289.00 364.00
290.50 364.33
292.00 364.67
293.50 365.00
295.00 365.17
296.50 365.33
298.00 365.50
299.33 366.00
300.67 366.50
302.00 367.00
303.17 367.00
304.33 367.00
305.50 367.00
306.67 367.17
307.83 367.33
309.00 367.50
310.33 368.00
311.67 368.50
313.00 369.00
314.00 369.17
315.00 369.33
316.00 369.50
317.17 369.50
318.33 369.50
319.50 369.50
320.50 369.83
321.50 370.17
322.50 370.50
323.67 371.17
324.83 371.83
326.00 372.50
326.83 372.17
327.67 371.83
328.50 371.50
329.33 371.50
330.17 371.50
331.00 371.50
331.67 371.50
332.33 371.50
333.00 371.50
333.67 371.83
334.33 372.17
335.00 372.50
337.00 372.17
339.00 371.83
341.00 371.50
342.17 371.00
343.33 370.50
344.50 370.00
345.00 370.17
345.50 370.33
346.00 370.50
346.33 370.33
346.67 370.17
347.00 370.00
347.67 369.83
348.33 369.67
349.00 369.50
349.50 369.33
350.00 369.17
350.50 369.00
351.00 368.83
351.50 368.67
352.00 368.50
352.33 367.00
352.67 365.50
353.00 364.00
354.33 365.33
355.67 366.67
357.00 368.00
358.17 366.50
359.33 365.00
360.50 363.50
361.00 363.33
361.50 363.17
362.00 363.00
362.33 362.33
362.67 361.67
363.00 361.00
363.33 360.00
363.67 359.00
364.00 358.00
364.33 356.83
364.67 355.67
365.00 354.50
365.50 357.33
366.00 360.17
366.50 363.00
367.17 361.00
367.83 359.00
368.50 357.00
369.00 358.33
369.50 359.67
370.00 361.00
372.67 356.83
375.33 352.67
378.00 348.50
378.50 349.17
379.00 349.83
379.50 350.50
379.83 350.33
380.17 350.17
380.50 350.00
381.17 349.50
381.83 349.00
382.50 348.50
382.67 348.17
382.83 347.83
383.00 347.50
383.50 346.83
384.00 346.17
384.50 345.50
384.83 344.67
385.17 343.83
385.50 343.00
385.67 342.33
385.83 341.67
386.00 341.00
386.50 340.17
387.00 339.33
387.50 338.50
387.83 337.50
388.17 336.50
388.50 335.50
388.67 334.67
388.83 333.83
389.00 333.00
389.00 332.33
389.00 331.67
389.00 331.00
389.00 330.67
389.00 330.33
389.00 330.00
388.50 329.83
388.00 329.67
387.50 329.50
383.83 330.00
380.17 330.50
376.50 331.00
373.83 331.33
371.17 331.67
368.50 332.00
367.67 332.00
366.83 332.00
366.00 332.00
365.50 331.67
365.00 331.33
364.50 331.00
363.50 330.67
362.50 330.33
361.50 330.00
357.50 330.17
353.50 330.33
349.50 330.50
348.50 330.50
347.50 330.50
346.50 330.50
345.33 330.50
344.17 330.50
343.00 330.50
342.00 330.33
341.00 330.17
340.00 330.00
339.17 330.00
338.33 330.00
337.50 330.00
336.33 330.00
335.17 330.00
334.00 330.00
332.33 329.67
330.67 329.33
329.00 329.00
327.67 328.67
326.33 328.33
325.00 328.00
323.50 327.83
322.00 327.67
320.50 327.50
318.67 327.00
316.83 326.50
315.00 326.00
312.83 325.50
310.67 325.00
308.50 324.50
307.33 324.17
306.17 323.83
305.00 323.50
303.83 323.17
302.67 322.83
301.50 322.50
301.50 323.00
301.50 323.50
301.50 324.00
300.83 324.33
300.17 324.67
299.50 325.00
298.50 324.67
297.50 324.33
296.50 324.00
295.50 323.83
294.50 323.67
293.50 323.50
292.50 323.67
291.50 323.83
290.50 324.00
289.33 323.67
288.17 323.33
287.00 323.00
286.17 322.83
285.33 322.67
284.50 322.50
283.67 322.33
282.83 322.17
282.00 322.00
281.00 321.83
280.00 321.67
279.00 321.50
278.17 321.33
277.33 321.17
276.50 321.00
273.00 320.67
269.50 320.33
266.00 320.00
265.50 319.83
265.00 319.67
264.50 319.50
263.83 319.17
263.17 318.83
262.50 318.50
261.83 318.83
261.17 319.17
260.50 319.50
259.83 319.33
259.17 319.17
258.50 319.00
257.83 318.33
257.17 317.67
256.50 317.00
255.83 316.83
255.17 316.67
254.50 316.50
253.50 316.00
252.50 315.50
251.50 315.00
250.83 315.33
250.17 315.67
249.50 316.00
248.67 316.17
247.83 316.33
247.00 316.50
246.33 316.33
245.67 316.17
245.00 316.00
244.50 315.83
244.00 315.67
243.50 315.50
242.83 314.67
242.17 313.83
241.50 313.00
241.17 313.83
240.83 314.67
240.50 315.50
240.00 315.83
239.50 316.17
239.00 316.50
238.00 315.33
237.00 314.17
236.00 313.00
235.67 313.83
235.33 314.67
235.00 315.50
234.50 315.50
234.00 315.50
233.50 315.50
231.17 315.67
228.83 315.83
226.50 316.00
226.17 316.00
225.83 316.00
225.50 316.00
225.17 315.67
224.83 315.33
224.50 315.00
224.33 315.00
224.17 315.00
224.00 315.00
224.00 314.67
224.00 314.33
224.00 314.00
223.67 313.67
223.33 313.33
223.00 313.00
223.00 312.67
223.00 312.33
223.00 312.00
222.83 311.33
222.67 310.67
222.50 310.00
222.33 309.50
222.17 309.00
222.00 308.50
222.00 307.50
222.00 306.50
222.00 305.50
222.00 304.67
222.00 303.83
222.00 303.00
222.00 301.83
222.00 300.67
222.00 299.50
222.00 298.83
222.00 298.17
222.00 297.50
221.67 296.00
221.33 294.50
221.00 293.00
221.17 291.17
221.33 289.33
221.50 287.50
221.67 286.83
221.83 286.17
222.00 285.50
222.17 285.00
222.33 284.50
222.50 284.00
222.50 283.17
222.50 282.33
222.50 281.50
222.83 281.00
223.17 280.50
223.50 280.00
223.50 279.33
223.50 278.67
223.50 278.00
224.00 277.67
224.50 277.33
225.00 277.00
225.33 276.33
225.67 275.67
226.00 275.00
226.50 274.50
227.00 274.00
227.50 273.50
228.00 272.83
228.50 272.17
229.00 271.50
229.50 271.50
230.00 271.50
230.50 271.50
233.83 272.17
237.17 272.83
240.50 273.50
241.33 273.50
242.17 273.50
243.00 273.50
244.00 273.67
245.00 273.83
246.00 274.00
246.67 274.33
247.33 274.67
248.00 275.00
249.00 275.00
250.00 275.00
251.00 275.00
252.00 274.83
253.00 274.67
254.00 274.50
255.00 274.67
256.00 274.83
257.00 275.00
258.33 275.50
259.67 276.00
261.00 276.50
262.00 276.67
263.00 276.83
264.00 277.00
265.00 277.00
266.00 277.00
267.00 277.00
268.00 277.33
269.00 277.67
270.00 278.00
270.17 279.33
270.33 280.67
270.50 282.00
271.50 282.50
272.50 283.00
273.50 283.50
275.00 283.83
276.50 284.17
278.00 284.50
279.33 284.67
280.67 284.83
282.00 285.00
283.33 285.17
284.67 285.33
286.00 285.50
287.33 285.83
288.67 286.17
290.00 286.50
291.83 287.00
293.67 287.50
295.50 288.00
296.67 288.17
297.83 288.33
299.00 288.50
300.67 289.33
302.33 290.17
304.00 291.00
305.33 291.17
306.67 291.33
308.00 291.50
309.33 292.00
310.67 292.50
312.00 293.00
313.33 293.50
314.67 294.00
316.00 294.50
317.50 294.83
319.00 295.17
320.50 295.50
321.83 296.00
323.17 296.50
324.50 297.00
325.67 297.17
326.83 297.33
328.00 297.50
329.50 297.83
331.00 298.17
332.50 298.50
333.67 298.83
334.83 299.17
336.00 299.50
337.17 299.83
338.33 300.17
339.50 300.50
341.00 301.00
342.50 301.50
344.00 302.00
346.83 303.00
349.67 304.00
352.50 305.00
354.33 305.50
356.17 306.00
358.00 306.50
359.17 306.50
360.33 306.50
361.50 306.50
362.67 306.83
363.83 307.17
365.00 307.50
366.17 307.33
367.33 307.17
368.50 307.00
369.33 307.00
370.17 307.00
371.00 307.00
371.83 307.00
372.67 307.00
373.50 307.00
373.83 307.00
374.17 307.00
374.50 307.00
375.33 307.33
376.17 307.67
377.00 308.00
377.67 307.83
378.33 307.67
379.00 307.50
379.50 307.50
380.00 307.50
380.50 307.50
381.17 307.33
381.83 307.17
382.50 307.00
382.83 306.83
383.17 306.67
383.50 306.50
384.00 306.50
384.50 306.50
385.00 306.50
385.33 306.50
385.67 306.50
386.00 306.50
386.33 306.67
386.67 306.83
387.00 307.00
387.00 307.33
387.00 307.67
387.00 308.00
387.17 307.67
387.33 307.33
387.50 307.00
387.50 307.00
387.50 307.00
387.50 307.00
387.67 307.00
387.83 307.00
388.00 307.00
388.17 306.67
388.33 306.33
388.50 306.00
388.50 305.67
388.50 305.33
388.50 305.00
388.50 304.67
388.50 304.33
388.50 304.00
388.50 303.50
388.50 303.00
388.50 302.50
388.83 301.67
389.17 300.83
389.50 300.00
390.00 299.00
390.50 298.00
391.00 297.00
391.50 296.50
392.00 296.00
392.50 295.50
392.33 294.83
392.17 294.17
392.00 293.50
392.17 293.00
392.33 292.50
392.50 292.00
392.67 291.67
392.83 291.33
393.00 291.00
393.00 290.67
393.00 290.33
393.00 290.00
393.17 289.50
393.33 289.00
393.50 288.50
394.50 287.17
395.50 285.83
396.50 284.50
396.83 283.83
397.17 283.17
397.50 282.50
397.50 282.17
397.50 281.83
397.50 281.50
397.83 281.17
398.17 280.83
398.50 280.50
398.50 280.33
398.50 280.17
398.50 280.00
397.83 279.83
397.17 279.67
396.50 279.50
396.33 279.67
396.17 279.83
396.00 280.00
395.50 280.00
395.00 280.00
394.50 280.00
394.33 279.83
394.17 279.67
394.00 279.50
393.50 279.50
393.00 279.50
392.50 279.50
391.83 279.17
391.17 278.83
390.50 278.50
389.67 278.33
388.83 278.17
388.00 278.00
387.33 277.83
386.67 277.67
386.00 277.50
384.83 277.17
383.67 276.83
382.50 276.50
381.67 276.17
380.83 275.83
380.00 275.50
378.83 275.00
377.67 274.50
376.50 274.00
375.17 274.33
373.83 274.67
372.50 275.00
371.50 274.67
370.50 274.33
369.50 274.00
368.50 273.67
367.50 273.33
366.50 273.00
365.33 272.50
364.17 272.00
363.00 271.50
361.17 270.83
359.33 270.17
357.50 269.50
356.00 269.00
354.50 268.50
353.00 268.00
351.67 267.67
350.33 267.33
349.00 267.00
347.33 266.50
345.67 266.00
344.00 265.50
342.50 265.33
341.00 265.17
339.50 265.00
338.17 264.83
336.83 264.67
335.50 264.50
333.33 264.00
331.17 263.50
329.00 263.00
327.17 262.50
325.33 262.00
323.50 261.50
322.00 261.17
320.50 260.83
319.00 260.50
317.50 260.17
316.00 259.83
314.50 259.50
313.00 259.50
311.50 259.50
310.00 259.50
308.67 259.00
307.33 258.50
306.00 258.00
304.83 257.83
303.67 257.67
302.50 257.50
300.67 257.00
298.83 256.50
297.00 256.00
295.67 255.83
294.33 255.67
293.00 255.50
290.67 257.00
288.33 258.50
286.00 260.00
284.83 260.17
283.67 260.33
282.50 260.50
281.33 260.33
280.17 260.17
279.00 260.00
278.00 260.00
277.00 260.00
276.00 260.00
275.17 260.17
274.33 260.33
273.50 260.50
272.67 260.33
271.83 260.17
271.00 260.00
270.17 259.83
269.33 259.67
268.50 259.50
267.67 259.17
266.83 258.83
266.00 258.50
265.17 258.67
264.33 258.83
263.50 259.00
262.50 258.67
261.50 258.33
260.50 258.00
259.67 258.00
258.83 258.00
258.00 258.00
257.17 257.67
256.33 257.33
255.50 257.00
254.50 257.00
253.50 257.00
252.50 257.00
252.00 257.00
251.50 257.00
251.00 257.00
250.17 256.83
249.33 256.67
248.50 256.50
247.67 256.83
246.83 257.17
246.00 257.50
245.50 257.50
245.00 257.50
244.50 257.50
244.00 257.83
243.50 258.17
243.00 258.50
242.83 258.17
242.67 257.83
242.50 257.50
241.83 257.50
241.17 257.50
240.50 257.50
240.17 257.50
239.83 257.50
239.50 257.50
239.17 257.33
238.83 257.17
238.50 257.00
238.17 256.50
237.83 256.00
237.50 255.50
236.67 252.83
235.83 250.17
235.00 247.50
235.33 246.83
235.67 246.17
236.00 245.50
236.00 244.67
236.00 243.83
236.00 243.00
235.83 243.00
235.67 243.00
235.50 243.00
235.67 243.00
235.83 243.00
236.00 243.00
