466.50 256.50
466.38 256.38
466.25 256.25
466.12 256.12
466.00 256.00
466.00 256.12
466.00 256.25
466.00 256.38
466.00 256.50
466.00 256.25
466.00 256.00
466.00 255.75
466.00 255.50
466.00 255.25
466.00 255.00
466.00 254.75
466.00 254.50
466.00 254.38
466.00 254.25
466.00 254.12
466.00 254.00
466.12 254.00
466.25 254.00
466.38 254.00
466.50 254.00
466.38 254.12
466.25 254.25
466.12 254.38
466.00 254.50
465.62 254.38
465.25 254.25
464.88 254.12
464.50 254.00
464.12 253.50
463.75 253.00
463.38 252.50
463.00 252.00
462.88 251.88
462.75 251.75
462.62 251.62
462.50 251.50
462.38 251.12
462.25 250.75
462.12 250.38
462.00 250.00
462.12 250.00
462.25 250.00
462.38 250.00
462.50 250.00
462.62 250.00
462.75 250.00
462.88 250.00
463.00 250.00
463.25 249.88
463.50 249.75
463.75 249.62
464.00 249.50
463.50 247.75
463.00 246.00
462.50 244.25
462.00 242.50
462.00 242.50
462.00 242.50
462.00 242.50
462.00 242.50
461.88 242.75
461.75 243.00
461.62 243.25
461.50 243.50
461.62 243.88
461.75 244.25
461.88 244.62
462.00 245.00
462.25 244.75
462.50 244.50
462.75 244.25
463.00 244.00
463.12 243.25
463.25 242.50
463.38 241.75
463.50 241.00
463.38 240.12
463.25 239.25
463.12 238.38
463.00 237.50
462.25 237.00
461.50 236.50
460.75 236.00
460.00 235.50
459.50 235.25
459.00 235.00
458.50 234.75
458.00 234.50
457.50 232.62
457.00 230.75
456.50 228.88
456.00 227.00
455.75 225.62
455.50 224.25
455.25 222.88
455.00 221.50
455.25 220.38
455.50 219.25
455.75 218.12
456.00 217.00
456.38 215.88
456.75 214.75
457.12 213.62
457.50 212.50
458.25 210.12
459.00 207.75
459.75 205.38
460.50 203.00
460.50 202.75
460.50 202.50
460.50 202.25
460.50 202.00
460.38 201.50
460.25 201.00
460.12 200.50
460.00 200.00
459.88 199.75
459.75 199.50
459.62 199.25
459.50 199.00
459.75 197.00
460.00 195.00
460.25 193.00
460.50 191.00
460.88 190.38
461.25 189.75
461.62 189.12
462.00 188.50
462.38 188.25
462.75 188.00
463.12 187.75
463.50 187.50
463.88 187.00
464.25 186.50
464.62 186.00
465.00 185.50
465.38 184.88
465.75 184.25
466.12 183.62
466.50 183.00
466.62 182.50
466.75 182.00
466.88 181.50
467.00 181.00
467.25 181.25
467.50 181.50
467.75 181.75
468.00 182.00
468.25 182.12
468.50 182.25
468.75 182.38
469.00 182.50
469.12 182.88
469.25 183.25
469.38 183.62
469.50 184.00
469.50 184.25
469.50 184.50
469.50 184.75
469.50 185.00
469.75 185.38
470.00 185.75
470.25 186.12
470.50 186.50
470.88 186.50
471.25 186.50
471.62 186.50
472.00 186.50
472.12 186.62
472.25 186.75
472.38 186.88
472.50 187.00
472.75 187.38
473.00 187.75
473.25 188.12
473.50 188.50
474.00 188.50
474.50 188.50
475.00 188.50
475.50 188.50
476.38 188.62
477.25 188.75
478.12 188.88
479.00 189.00
481.00 189.88
483.00 190.75
485.00 191.62
487.00 192.50
488.25 192.50
489.50 192.50
490.75 192.50
492.00 192.50
492.88 192.88
493.75 193.25
494.62 193.62
495.50 194.00
496.25 194.12
497.00 194.25
497.75 194.38
498.50 194.50
499.00 194.75
499.50 195.00
500.00 195.25
500.50 195.50
501.25 195.50
502.00 195.50
502.75 195.50
503.50 195.50
504.38 195.88
505.25 196.25
506.12 196.62
507.00 197.00
508.00 197.25
509.00 197.50
510.00 197.75
511.00 198.00
511.75 198.38
512.50 198.75
513.25 199.12
514.00 199.50
514.88 200.00
515.75 200.50
516.62 201.00
517.50 201.50
518.12 201.75
518.75 202.00
519.38 202.25
520.00 202.50
521.62 203.62
523.25 204.75
524.88 205.88
526.50 207.00
526.25 208.12
526.00 209.25
525.75 210.38
525.50 211.50
525.25 212.12
525.00 212.75
524.75 213.38
524.50 214.00
523.88 214.50
523.25 215.00
522.62 215.50
522.00 216.00
521.62 216.25
521.25 216.50
520.88 216.75
520.50 217.00
520.25 217.62
520.00 218.25
519.75 218.88
519.50 219.50
519.62 219.88
519.75 220.25
519.88 220.62
520.00 221.00
520.62 221.50
521.25 222.00
521.88 222.50
522.50 223.00
523.00 223.25
523.50 223.50
524.00 223.75
524.50 224.00
524.75 223.88
525.00 223.75
525.25 223.62
525.50 223.50
525.88 223.50
526.25 223.50
526.62 223.50
527.00 223.50
527.12 223.50
527.25 223.50
527.38 223.50
527.50 223.50
527.50 224.00
527.50 224.50
527.50 225.00
527.50 225.50
526.50 225.00
525.50 224.50
524.50 224.00
523.50 223.50
523.62 223.88
523.75 224.25
523.88 224.62
524.00 225.00
524.25 225.00
524.50 225.00
524.75 225.00
525.00 225.00
525.12 224.88
525.25 224.75
525.38 224.62
525.50 224.50
525.75 224.50
526.00 224.50
526.25 224.50
526.50 224.50
527.00 224.50
527.50 224.50
528.00 224.50
528.50 224.50
528.88 224.88
529.25 225.25
529.62 225.62
530.00 226.00
531.50 227.38
533.00 228.75
534.50 230.12
536.00 231.50
536.12 231.88
536.25 232.25
536.38 232.62
536.50 233.00
536.62 233.38
536.75 233.75
536.88 234.12
537.00 234.50
537.12 234.50
537.25 234.50
537.38 234.50
537.50 234.50
537.50 234.75
537.50 235.00
537.50 235.25
537.50 235.50
537.50 235.88
537.50 236.25
537.50 236.62
537.50 237.00
537.25 237.62
537.00 238.25
536.75 238.88
536.50 239.50
535.00 240.75
533.50 242.00
532.00 243.25
530.50 244.50
530.12 245.00
529.75 245.50
529.38 246.00
529.00 246.50
528.50 247.12
528.00 247.75
527.50 248.38
527.00 249.00
526.75 249.75
526.50 250.50
526.25 251.25
526.00 252.00
526.38 253.88
526.75 255.75
527.12 257.62
527.50 259.50
527.62 261.50
527.75 263.50
527.88 265.50
528.00 267.50
527.62 268.25
527.25 269.00
526.88 269.75
526.50 270.50
526.25 271.38
526.00 272.25
525.75 273.12
525.50 274.00
525.25 274.88
525.00 275.75
524.75 276.62
524.50 277.50
524.62 279.00
524.75 280.50
524.88 282.00
525.00 283.50
525.62 285.75
526.25 288.00
526.88 290.25
527.50 292.50
527.50 293.12
527.50 293.75
527.50 294.38
527.50 295.00
527.38 295.75
527.25 296.50
527.12 297.25
527.00 298.00
526.88 298.25
526.75 298.50
526.62 298.75
526.50 299.00
527.75 298.75
529.00 298.50
530.25 298.25
531.50 298.00
531.50 297.88
531.50 297.75
531.50 297.62
531.50 297.50
531.62 297.50
531.75 297.50
531.88 297.50
532.00 297.50
532.12 297.25
532.25 297.00
532.38 296.75
532.50 296.50
532.38 296.00
532.25 295.50
532.12 295.00
532.00 294.50
531.75 294.12
531.50 293.75
531.25 293.38
531.00 293.00
530.75 292.62
530.50 292.25
530.25 291.88
530.00 291.50
529.62 291.12
529.25 290.75
528.88 290.38
528.50 290.00
528.25 289.50
528.00 289.00
527.75 288.50
527.50 288.00
526.88 287.50
526.25 287.00
525.62 286.50
525.00 286.00
524.38 285.75
523.75 285.50
523.12 285.25
522.50 285.00
521.88 284.38
521.25 283.75
520.62 283.12
520.00 282.50
519.25 281.88
518.50 281.25
517.75 280.62
517.00 280.00
515.62 279.38
514.25 278.75
512.88 278.12
511.50 277.50
510.12 276.88
508.75 276.25
507.38 275.62
506.00 275.00
504.62 274.12
503.25 273.25
501.88 272.38
500.50 271.50
499.00 270.75
497.50 270.00
496.00 269.25
494.50 268.50
492.88 267.62
491.25 266.75
489.62 265.88
488.00 265.00
486.12 263.75
484.25 262.50
482.38 261.25
480.50 260.00
476.25 257.88
472.00 255.75
467.75 253.62
463.50 251.50
461.75 250.12
460.00 248.75
458.25 247.38
456.50 246.00
454.62 245.25
452.75 244.50
450.88 243.75
449.00 243.00
447.00 242.00
445.00 241.00
443.00 240.00
441.00 239.00
438.62 238.38
436.25 237.75
433.88 237.12
431.50 236.50
429.12 235.75
426.75 235.00
424.38 234.25
422.00 233.50
419.88 233.00
417.75 232.50
415.62 232.00
413.50 231.50
408.75 231.12
404.00 230.75
399.25 230.38
394.50 230.00
392.00 229.62
389.50 229.25
387.00 228.88
384.50 228.50
383.25 228.00
382.00 227.50
380.75 227.00
379.50 226.50
378.38 226.25
377.25 226.00
376.12 225.75
375.00 225.50
374.25 225.25
373.50 225.00
372.75 224.75
372.00 224.50
370.38 224.25
368.75 224.00
367.12 223.75
365.50 223.50
360.38 223.88
355.25 224.25
350.12 224.62
345.00 225.00
343.38 224.88
341.75 224.75
340.12 224.62
338.50 224.50
337.38 224.25
336.25 224.00
335.12 223.75
334.00 223.50
333.00 223.00
332.00 222.50
331.00 222.00
330.00 221.50
329.00 221.50
328.00 221.50
327.00 221.50
326.00 221.50
325.50 221.38
325.00 221.25
324.50 221.12
324.00 221.00
323.75 221.12
323.50 221.25
323.25 221.38
323.00 221.50
323.00 221.38
323.00 221.25
323.00 221.12
323.00 221.00
322.88 221.12
322.75 221.25
322.62 221.38
322.50 221.50
322.50 221.50
322.50 221.50
322.50 221.50
322.50 221.50
322.25 221.88
322.00 222.25
321.75 222.62
321.50 223.00
321.38 222.75
321.25 222.50
321.12 222.25
321.00 222.00
320.88 222.38
320.75 222.75
320.62 223.12
320.50 223.50
320.75 223.88
321.00 224.25
321.25 224.62
321.50 225.00
321.88 225.75
322.25 226.50
322.62 227.25
323.00 228.00
323.00 229.12
323.00 230.25
323.00 231.38
323.00 232.50
321.50 237.88
320.00 243.25
318.50 248.62
317.00 254.00
316.75 254.88
316.50 255.75
316.25 256.62
316.00 257.50
316.12 258.12
316.25 258.75
316.38 259.38
316.50 260.00
316.75 260.38
317.00 260.75
317.25 261.12
317.50 261.50
317.38 260.38
317.25 259.25
317.12 258.12
317.00 257.00
317.25 256.62
317.50 256.25
317.75 255.88
318.00 255.50
318.12 255.75
318.25 256.00
318.38 256.25
318.50 256.50
318.38 256.88
318.25 257.25
318.12 257.62
318.00 258.00
318.00 258.12
318.00 258.25
318.00 258.38
318.00 258.50
318.00 258.88
318.00 259.25
318.00 259.62
318.00 260.00
318.12 259.88
318.25 259.75
318.38 259.62
318.50 259.50
318.75 259.75
319.00 260.00
319.25 260.25
319.50 260.50
320.25 260.38
321.00 260.25
321.75 260.12
322.50 260.00
323.12 259.75
323.75 259.50
324.38 259.25
325.00 259.00
325.50 258.75
326.00 258.50
326.50 258.25
327.00 258.00
327.88 257.88
328.75 257.75
329.62 257.62
330.50 257.50
331.62 257.38
332.75 257.25
333.88 257.12
335.00 257.00
336.50 256.88
338.00 256.75
339.50 256.62
341.00 256.50
343.12 256.62
345.25 256.75
347.38 256.88
349.50 257.00
351.12 257.38
352.75 257.75
354.38 258.12
356.00 258.50
357.62 258.50
359.25 258.50
360.88 258.50
362.50 258.50
364.25 258.88
366.00 259.25
367.75 259.62
369.50 260.00
371.12 260.25
372.75 260.50
374.38 260.75
376.00 261.00
377.62 261.75
379.25 262.50
380.88 263.25
382.50 264.00
385.00 264.38
387.50 264.75
390.00 265.12
392.50 265.50
394.75 265.75
397.00 266.00
399.25 266.25
401.50 266.50
403.50 266.88
405.50 267.25
407.50 267.62
409.50 268.00
411.88 268.62
414.25 269.25
416.62 269.88
419.00 270.50
421.25 271.12
423.50 271.75
425.75 272.38
428.00 273.00
430.00 273.38
432.00 273.75
434.00 274.12
436.00 274.50
438.12 275.12
440.25 275.75
442.38 276.38
444.50 277.00
446.12 277.62
447.75 278.25
449.38 278.88
451.00 279.50
453.00 280.12
455.00 280.75
457.00 281.38
459.00 282.00
460.75 283.25
462.50 284.50
464.25 285.75
466.00 287.00
467.12 287.75
468.25 288.50
469.38 289.25
470.50 290.00
471.50 290.88
472.50 291.75
473.50 292.62
474.50 293.50
474.75 294.38
475.00 295.25
475.25 296.12
475.50 297.00
474.88 299.38
474.25 301.75
473.62 304.12
473.00 306.50
473.38 307.12
473.75 307.75
474.12 308.38
474.50 309.00
475.00 309.50
475.50 310.00
476.00 310.50
476.50 311.00
476.75 311.50
477.00 312.00
477.25 312.50
477.50 313.00
479.50 314.00
481.50 315.00
483.50 316.00
485.50 317.00
486.00 317.38
486.50 317.75
487.00 318.12
487.50 318.50
487.75 318.62
488.00 318.75
488.25 318.88
488.50 319.00
488.75 319.00
489.00 319.00
489.25 319.00
489.50 319.00
489.50 318.88
489.50 318.75
489.50 318.62
489.50 318.50
489.50 318.25
489.50 318.00
489.50 317.75
489.50 317.50
489.62 317.62
489.75 317.75
489.88 317.88
490.00 318.00
490.00 318.38
490.00 318.75
490.00 319.12
490.00 319.50
489.75 320.00
489.50 320.50
489.25 321.00
489.00 321.50
488.12 322.50
487.25 323.50
486.38 324.50
485.50 325.50
482.62 328.75
479.75 332.00
476.88 335.25
474.00 338.50
473.50 339.25
473.00 340.00
472.50 340.75
472.00 341.50
471.00 341.88
470.00 342.25
469.00 342.62
468.00 343.00
467.62 343.50
467.25 344.00
466.88 344.50
466.50 345.00
466.00 345.12
465.50 345.25
465.00 345.38
464.50 345.50
464.00 346.62
463.50 347.75
463.00 348.88
462.50 350.00
463.75 355.00
465.00 360.00
466.25 365.00
467.50 370.00
467.25 369.75
467.00 369.50
466.75 369.25
466.50 369.00
466.00 369.25
465.50 369.50
465.00 369.75
464.50 370.00
464.50 370.38
464.50 370.75
464.50 371.12
464.50 371.50
464.38 371.88
464.25 372.25
464.12 372.62
464.00 373.00
465.75 372.38
467.50 371.75
469.25 371.12
471.00 370.50
471.00 370.25
471.00 370.00
471.00 369.75
471.00 369.50
470.88 369.38
470.75 369.25
470.62 369.12
470.50 369.00
470.25 368.62
470.00 368.25
469.75 367.88
469.50 367.50
469.25 367.00
469.00 366.50
468.75 366.00
468.50 365.50
467.88 365.00
467.25 364.50
466.62 364.00
466.00 363.50
465.50 363.00
465.00 362.50
464.50 362.00
464.00 361.50
463.50 361.25
463.00 361.00
462.50 360.75
462.00 360.50
457.62 360.12
453.25 359.75
448.88 359.38
444.50 359.00
444.00 359.12
443.50 359.25
443.00 359.38
442.50 359.50
441.25 358.25
440.00 357.00
438.75 355.75
437.50 354.50
436.75 354.00
436.00 353.50
435.25 353.00
434.50 352.50
433.00 352.50
431.50 352.50
430.00 352.50
428.50 352.50
426.38 352.25
424.25 352.00
422.12 351.75
420.00 351.50
418.62 351.12
417.25 350.75
415.88 350.38
414.50 350.00
413.25 349.38
412.00 348.75
410.75 348.12
409.50 347.50
407.50 346.62
405.50 345.75
403.50 344.88
401.50 344.00
400.00 342.75
398.50 341.50
397.00 340.25
395.50 339.00
393.00 338.25
390.50 337.50
388.00 336.75
385.50 336.00
383.88 335.88
382.25 335.75
380.62 335.62
379.00 335.50
376.75 335.00
374.50 334.50
372.25 334.00
370.00 333.50
368.38 332.88
366.75 332.25
365.12 331.62
363.50 331.00
361.62 330.00
359.75 329.00
357.88 328.00
356.00 327.00
354.62 326.75
353.25 326.50
351.88 326.25
350.50 326.00
349.62 325.25
348.75 324.50
347.88 323.75
347.00 323.00
347.25 322.88
347.50 322.75
347.75 322.62
348.00 322.50
347.75 321.12
347.50 319.75
347.25 318.38
347.00 317.00
345.50 315.38
344.00 313.75
342.50 312.12
341.00 310.50
341.25 309.88
341.50 309.25
341.75 308.62
342.00 308.00
341.00 307.25
340.00 306.50
339.00 305.75
338.00 305.00
337.25 304.88
336.50 304.75
335.75 304.62
335.00 304.50
334.00 304.38
333.00 304.25
332.00 304.12
331.00 304.00
331.00 304.00
331.00 304.00
331.00 304.00
331.00 304.00
331.00 304.00
331.00 304.00
331.00 304.00
331.00 304.00
330.88 304.00
330.75 304.00
330.62 304.00
330.50 304.00
330.12 304.12
329.75 304.25
329.38 304.38
329.00 304.50
329.00 304.62
329.00 304.75
329.00 304.88
329.00 305.00
330.62 306.12
332.25 307.25
333.88 308.38
335.50 309.50
335.25 310.12
335.00 310.75
334.75 311.38
334.50 312.00
334.62 312.00
334.75 312.00
334.88 312.00
335.00 312.00
334.88 313.62
334.75 315.25
334.62 316.88
334.50 318.50
335.50 320.12
336.50 321.75
337.50 323.38
338.50 325.00
339.00 327.12
339.50 329.25
340.00 331.38
340.50 333.50
340.38 335.00
340.25 336.50
340.12 338.00
340.00 339.50
341.75 339.62
343.50 339.75
345.25 339.88
347.00 340.00
346.88 340.12
346.75 340.25
346.62 340.38
346.50 340.50
346.88 340.88
347.25 341.25
347.62 341.62
348.00 342.00
347.88 340.88
347.75 339.75
347.62 338.62
347.50 337.50
346.62 336.25
345.75 335.00
344.88 333.75
344.00 332.50
344.38 331.50
344.75 330.50
345.12 329.50
345.50 328.50
345.75 328.50
346.00 328.50
346.25 328.50
346.50 328.50
348.00 329.25
349.50 330.00
351.00 330.75
352.50 331.50
353.25 331.50
354.00 331.50
354.75 331.50
355.50 331.50
355.88 331.62
356.25 331.75
356.62 331.88
357.00 332.00
358.00 332.12
359.00 332.25
360.00 332.38
361.00 332.50
362.00 333.00
363.00 333.50
364.00 334.00
365.00 334.50
365.38 334.50
365.75 334.50
366.12 334.50
366.50 334.50
368.12 335.25
369.75 336.00
371.38 336.75
373.00 337.50
374.50 337.75
376.00 338.00
377.50 338.25
379.00 338.50
381.00 338.50
383.00 338.50
385.00 338.50
387.00 338.50
387.62 338.50
388.25 338.50
388.88 338.50
389.50 338.50
390.62 339.12
391.75 339.75
392.88 340.38
394.00 341.00
395.50 341.12
397.00 341.25
398.50 341.38
400.00 341.50
401.88 342.75
403.75 344.00
405.62 345.25
407.50 346.50
409.88 346.50
412.25 346.50
414.62 346.50
417.00 346.50
419.12 347.12
421.25 347.75
423.38 348.38
425.50 349.00
426.25 348.88
427.00 348.75
427.75 348.62
428.50 348.50
429.88 348.75
431.25 349.00
432.62 349.25
434.00 349.50
437.75 350.25
441.50 351.00
445.25 351.75
449.00 352.50
451.38 353.62
453.75 354.75
456.12 355.88
458.50 357.00
458.88 355.38
459.25 353.75
459.62 352.12
460.00 350.50
461.25 350.62
462.50 350.75
463.75 350.88
465.00 351.00
466.75 353.12
468.50 355.25
470.25 357.38
472.00 359.50
473.50 359.25
475.00 359.00
476.50 358.75
478.00 358.50
479.62 357.00
481.25 355.50
482.88 354.00
484.50 352.50
486.38 353.50
488.25 354.50
490.12 355.50
492.00 356.50
493.25 356.88
494.50 357.25
495.75 357.62
497.00 358.00
497.50 357.75
498.00 357.50
498.50 357.25
499.00 357.00
499.12 356.88
499.25 356.75
499.38 356.62
499.50 356.50
500.12 356.88
500.75 357.25
501.38 357.62
502.00 358.00
502.25 358.00
502.50 358.00
502.75 358.00
503.00 358.00
503.75 357.50
504.50 357.00
505.25 356.50
506.00 356.00
506.00 356.25
506.00 356.50
506.00 356.75
506.00 357.00
505.25 356.00
504.50 355.00
503.75 354.00
503.00 353.00
503.00 353.00
503.00 353.00
503.00 353.00
503.00 353.00
502.88 353.12
502.75 353.25
502.62 353.38
502.50 353.50
502.50 353.50
502.50 353.50
502.50 353.50
502.50 353.50
502.25 353.38
502.00 353.25
501.75 353.12
501.50 353.00
501.38 352.88
501.25 352.75
501.12 352.62
501.00 352.50
501.12 352.38
501.25 352.25
501.38 352.12
501.50 352.00
501.75 352.50
502.00 353.00
502.25 353.50
502.50 354.00
502.50 353.00
502.50 352.00
502.50 351.00
502.50 350.00
502.88 349.12
503.25 348.25
503.62 347.38
504.00 346.50
504.25 345.50
504.50 344.50
504.75 343.50
505.00 342.50
505.25 341.38
505.50 340.25
505.75 339.12
506.00 338.00
507.50 336.00
509.00 334.00
510.50 332.00
512.00 330.00
512.62 328.00
513.25 326.00
513.88 324.00
514.50 322.00
514.75 320.88
515.00 319.75
515.25 318.62
515.50 317.50
515.75 316.75
516.00 316.00
516.25 315.25
516.50 314.50
516.50 314.25
516.50 314.00
516.50 313.75
516.50 313.50
516.25 313.62
516.00 313.75
515.75 313.88
515.50 314.00
514.62 315.50
513.75 317.00
512.88 318.50
512.00 320.00
511.12 321.25
510.25 322.50
509.38 323.75
508.50 325.00
508.00 325.12
507.50 325.25
507.00 325.38
506.50 325.50
505.75 325.62
505.00 325.75
504.25 325.88
503.50 326.00
502.38 325.88
501.25 325.75
500.12 325.62
499.00 325.50
498.00 325.25
497.00 325.00
496.00 324.75
495.00 324.50
493.88 324.38
492.75 324.25
491.62 324.12
490.50 324.00
489.38 323.62
488.25 323.25
487.12 322.88
486.00 322.50
484.88 322.25
483.75 322.00
482.62 321.75
481.50 321.50
480.12 321.25
478.75 321.00
477.38 320.75
476.00 320.50
472.88 320.50
469.75 320.50
466.62 320.50
463.50 320.50
460.75 320.75
458.00 321.00
455.25 321.25
452.50 321.50
451.00 321.38
449.50 321.25
448.00 321.12
446.50 321.00
444.88 321.00
443.25 321.00
441.62 321.00
440.00 321.00
438.12 320.38
436.25 319.75
434.38 319.12
432.50 318.50
430.75 318.12
429.00 317.75
427.25 317.38
425.50 317.00
423.75 316.38
422.00 315.75
420.25 315.12
418.50 314.50
416.62 313.62
414.75 312.75
412.88 311.88
411.00 311.00
409.12 310.12
407.25 309.25
405.38 308.38
403.50 307.50
401.62 306.50
399.75 305.50
397.88 304.50
396.00 303.50
394.12 302.38
392.25 301.25
390.38 300.12
388.50 299.00
386.62 298.12
384.75 297.25
382.88 296.38
381.00 295.50
379.25 294.50
377.50 293.50
375.75 292.50
374.00 291.50
372.62 291.25
371.25 291.00
369.88 290.75
368.50 290.50
367.25 290.12
366.00 289.75
364.75 289.38
363.50 289.00
362.25 288.62
361.00 288.25
359.75 287.88
358.50 287.50
357.38 287.00
356.25 286.50
355.12 286.00
354.00 285.50
353.12 284.75
352.25 284.00
351.38 283.25
350.50 282.50
348.25 281.88
346.00 281.25
343.75 280.62
341.50 280.00
339.88 279.50
338.25 279.00
336.62 278.50
335.00 278.00
334.38 277.75
333.75 277.50
333.12 277.25
332.50 277.00
332.00 276.62
331.50 276.25
331.00 275.88
330.50 275.50
330.00 275.75
329.50 276.00
329.00 276.25
328.50 276.50
328.12 276.12
327.75 275.75
327.38 275.38
327.00 275.00
327.12 275.00
327.25 275.00
327.38 275.00
327.50 275.00
327.75 275.00
328.00 275.00
328.25 275.00
328.50 275.00
328.75 274.75
329.00 274.50
329.25 274.25
329.50 274.00
329.62 273.88
329.75 273.75
329.88 273.62
330.00 273.50
330.00 273.50
330.00 273.50
330.00 273.50
330.00 273.50
329.88 273.12
329.75 272.75
329.62 272.38
329.50 272.00
329.75 271.25
330.00 270.50
330.25 269.75
330.50 269.00
330.75 268.12
331.00 267.25
331.25 266.38
331.50 265.50
332.00 264.12
332.50 262.75
333.00 261.38
333.50 260.00
333.50 259.00
333.50 258.00
333.50 257.00
333.50 256.00
333.75 255.25
334.00 254.50
334.25 253.75
334.50 253.00
334.88 252.25
335.25 251.50
335.62 250.75
336.00 250.00
336.38 249.12
336.75 248.25
337.12 247.38
337.50 246.50
338.12 245.38
338.75 244.25
339.38 243.12
340.00 242.00
340.62 241.12
341.25 240.25
341.88 239.38
342.50 238.50
343.25 238.00
344.00 237.50
344.75 237.00
345.50 236.50
346.25 235.50
347.00 234.50
347.75 233.50
348.50 232.50
349.00 231.88
349.50 231.25
350.00 230.62
350.50 230.00
351.25 229.75
352.00 229.50
352.75 229.25
353.50 229.00
355.00 229.12
356.50 229.25
358.00 229.38
359.50 229.50
360.25 229.88
361.00 230.25
361.75 230.62
362.50 231.00
363.50 231.50
364.50 232.00
365.50 232.50
366.50 233.00
367.50 233.38
368.50 233.75
369.50 234.12
370.50 234.50
371.75 235.00
373.00 235.50
374.25 236.00
375.50 236.50
376.75 237.00
378.00 237.50
379.25 238.00
380.50 238.50
382.00 239.12
383.50 239.75
385.00 240.38
386.50 241.00
388.88 242.00
391.25 243.00
393.62 244.00
396.00 245.00
398.00 245.62
400.00 246.25
402.00 246.88
404.00 247.50
406.00 248.12
408.00 248.75
410.00 249.38
412.00 250.00
413.75 250.38
415.50 250.75
417.25 251.12
419.00 251.50
420.50 252.38
422.00 253.25
423.50 254.12
425.00 255.00
426.50 255.62
428.00 256.25
429.50 256.88
431.00 257.50
432.62 258.12
434.25 258.75
435.88 259.38
437.50 260.00
439.00 260.62
440.50 261.25
442.00 261.88
443.50 262.50
445.00 263.25
446.50 264.00
448.00 264.75
449.50 265.50
451.25 266.25
453.00 267.00
454.75 267.75
456.50 268.50
457.88 269.25
459.25 270.00
460.62 270.75
462.00 271.50
463.75 272.38
465.50 273.25
467.25 274.12
469.00 275.00
471.00 276.12
473.00 277.25
475.00 278.38
477.00 279.50
479.88 281.12
482.75 282.75
485.62 284.38
488.50 286.00
489.75 286.62
491.00 287.25
492.25 287.88
493.50 288.50
494.25 289.00
495.00 289.50
495.75 290.00
496.50 290.50
498.00 290.88
499.50 291.25
501.00 291.62
502.50 292.00
503.75 292.50
505.00 293.00
506.25 293.50
507.50 294.00
508.12 294.25
508.75 294.50
509.38 294.75
510.00 295.00
510.62 295.25
511.25 295.50
511.88 295.75
512.50 296.00
513.12 296.38
513.75 296.75
514.38 297.12
515.00 297.50
516.38 298.88
517.75 300.25
519.12 301.62
520.50 303.00
521.12 303.25
521.75 303.50
522.38 303.75
523.00 304.00
523.38 303.88
523.75 303.75
524.12 303.62
524.50 303.50
524.75 303.25
525.00 303.00
525.25 302.75
525.50 302.50
525.88 302.25
526.25 302.00
526.62 301.75
527.00 301.50
527.12 301.25
527.25 301.00
527.38 300.75
527.50 300.50
528.62 300.25
529.75 300.00
530.88 299.75
532.00 299.50
532.12 299.12
532.25 298.75
532.38 298.38
532.50 298.00
532.50 297.88
532.50 297.75
532.50 297.62
532.50 297.50
532.50 296.88
532.50 296.25
532.50 295.62
532.50 295.00
532.25 294.38
532.00 293.75
531.75 293.12
531.50 292.50
531.62 291.75
531.75 291.00
531.88 290.25
532.00 289.50
532.12 288.50
532.25 287.50
532.38 286.50
532.50 285.50
532.38 284.62
532.25 283.75
532.12 282.88
532.00 282.00
532.62 280.12
533.25 278.25
533.88 276.38
534.50 274.50
534.62 273.38
534.75 272.25
534.88 271.12
535.00 270.00
535.00 269.12
535.00 268.25
535.00 267.38
535.00 266.50
535.00 265.50
535.00 264.50
535.00 263.50
535.00 262.50
534.88 261.62
534.75 260.75
534.62 259.88
534.50 259.00
534.62 256.62
534.75 254.25
534.88 251.88
535.00 249.50
535.25 248.25
535.50 247.00
535.75 245.75
536.00 244.50
535.88 243.62
535.75 242.75
535.62 241.88
535.50 241.00
535.25 239.88
535.00 238.75
534.75 237.62
534.50 236.50
534.38 235.62
534.25 234.75
534.12 233.88
534.00 233.00
533.88 232.50
533.75 232.00
533.62 231.50
533.50 231.00
533.38 230.62
533.25 230.25
533.12 229.88
533.00 229.50
532.62 229.50
532.25 229.50
531.88 229.50
531.50 229.50
531.62 229.62
531.75 229.75
531.88 229.88
532.00 230.00
532.50 230.62
533.00 231.25
533.50 231.88
534.00 232.50
533.50 232.38
533.00 232.25
532.50 232.12
532.00 232.00
531.38 231.88
530.75 231.75
530.12 231.62
529.50 231.50
529.00 231.00
528.50 230.50
528.00 230.00
527.50 229.50
526.88 229.38
526.25 229.25
525.62 229.12
525.00 229.00
524.12 228.50
523.25 228.00
522.38 227.50
521.50 227.00
520.50 226.62
519.50 226.25
518.50 225.88
517.50 225.50
516.50 225.12
515.50 224.75
514.50 224.38
513.50 224.00
513.00 223.62
512.50 223.25
512.00 222.88
511.50 222.50
510.88 222.50
510.25 222.50
509.62 222.50
509.00 222.50
507.50 221.62
506.00 220.75
504.50 219.88
503.00 219.00
501.12 217.88
499.25 216.75
497.38 215.62
495.50 214.50
493.38 214.00
491.25 213.50
489.12 213.00
487.00 212.50
485.12 211.75
483.25 211.00
481.38 210.25
479.50 209.50
477.50 208.88
475.50 208.25
473.50 207.62
471.50 207.00
469.50 206.38
467.50 205.75
465.50 205.12
463.50 204.50
461.50 203.75
459.50 203.00
457.50 202.25
455.50 201.50
453.75 201.12
452.00 200.75
450.25 200.38
448.50 200.00
446.75 199.38
445.00 198.75
443.25 198.12
441.50 197.50
440.00 197.12
438.50 196.75
437.00 196.38
435.50 196.00
433.88 195.50
432.25 195.00
430.62 194.50
429.00 194.00
427.50 193.50
426.00 193.00
424.50 192.50
423.00 192.00
421.62 191.62
420.25 191.25
418.88 190.88
417.50 190.50
416.00 190.00
414.50 189.50
413.00 189.00
411.50 188.50
409.88 188.00
408.25 187.50
406.62 187.00
405.00 186.50
403.38 186.25
401.75 186.00
400.12 185.75
398.50 185.50
396.75 185.38
395.00 185.25
393.25 185.12
391.50 185.00
389.38 184.62
387.25 184.25
385.12 183.88
383.00 183.50
381.38 183.25
379.75 183.00
378.12 182.75
376.50 182.50
375.38 182.12
374.25 181.75
373.12 181.38
372.00 181.00
370.88 180.88
369.75 180.75
368.62 180.62
367.50 180.50
366.75 180.12
366.00 179.75
365.25 179.38
364.50 179.00
363.62 178.62
362.75 178.25
361.88 177.88
361.00 177.50
360.12 177.38
359.25 177.25
358.38 177.12
357.50 177.00
356.88 176.88
356.25 176.75
355.62 176.62
355.00 176.50
354.12 176.38
353.25 176.25
352.38 176.12
351.50 176.00
351.50 175.88
351.50 175.75
351.50 175.62
351.50 175.50
351.50 175.62
351.50 175.75
351.50 175.88
351.50 176.00
351.50 176.00
351.50 176.00
351.50 176.00
351.50 176.00
351.50 176.25
351.50 176.50
351.50 176.75
351.50 177.00
351.38 176.88
351.25 176.75
351.12 176.62
351.00 176.50
350.88 176.62
350.75 176.75
350.62 176.88
350.50 177.00
350.25 177.00
350.00 177.00
349.75 177.00
349.50 177.00
349.38 177.25
349.25 177.50
349.12 177.75
349.00 178.00
348.88 178.25
348.75 178.50
348.62 178.75
348.50 179.00
348.62 180.25
348.75 181.50
348.88 182.75
349.00 184.00
348.88 188.25
348.75 192.50
348.62 196.75
348.50 201.00
348.62 202.00
348.75 203.00
348.88 204.00
349.00 205.00
349.00 205.62
349.00 206.25
349.00 206.88
349.00 207.50
349.12 208.25
349.25 209.00
349.38 209.75
349.50 210.50
349.62 211.00
349.75 211.50
349.88 212.00
350.00 212.50
350.12 213.00
350.25 213.50
350.38 214.00
350.50 214.50
350.25 214.50
350.00 214.50
349.75 214.50
349.50 214.50
349.50 214.50
349.50 214.50
349.50 214.50
349.50 214.50
349.62 214.50
349.75 214.50
349.88 214.50
350.00 214.50
350.75 214.50
351.50 214.50
352.25 214.50
353.00 214.50
353.75 214.75
354.50 215.00
355.25 215.25
356.00 215.50
357.25 216.00
358.50 216.50
359.75 217.00
361.00 217.50
362.25 218.00
363.50 218.50
364.75 219.00
366.00 219.50
367.25 220.00
368.50 220.50
369.75 221.00
371.00 221.50
372.00 221.75
373.00 222.00
374.00 222.25
375.00 222.50
375.88 222.75
376.75 223.00
377.62 223.25
378.50 223.50
379.12 223.75
379.75 224.00
380.38 224.25
381.00 224.50
381.88 224.62
382.75 224.75
383.62 224.88
384.50 225.00
385.25 225.38
386.00 225.75
386.75 226.12
387.50 226.50
388.12 226.88
388.75 227.25
389.38 227.62
390.00 228.00
391.12 228.38
392.25 228.75
393.38 229.12
394.50 229.50
395.75 230.00
397.00 230.50
398.25 231.00
399.50 231.50
401.25 232.00
403.00 232.50
404.75 233.00
406.50 233.50
408.12 233.88
409.75 234.25
411.38 234.62
413.00 235.00
414.62 235.25
416.25 235.50
417.88 235.75
419.50 236.00
421.12 236.62
422.75 237.25
424.38 237.88
426.00 238.50
427.88 238.62
429.75 238.75
431.62 238.88
433.50 239.00
435.38 239.50
437.25 240.00
439.12 240.50
441.00 241.00
442.38 241.00
443.75 241.00
445.12 241.00
446.50 241.00
449.00 239.50
451.50 238.00
454.00 236.50
456.50 235.00
457.62 234.88
458.75 234.75
459.88 234.62
461.00 234.50
461.62 234.62
462.25 234.75
462.88 234.88
463.50 235.00
464.00 235.25
464.50 235.50
465.00 235.75
465.50 236.00
466.38 236.38
467.25 236.75
468.12 237.12
469.00 237.50
470.17 238.00
471.33 238.50
472.50 239.00
