379.00 263.50
380.00 264.50
381.00 265.50
382.00 266.50
381.17 265.83
380.33 265.17
379.50 264.50
380.00 264.00
380.50 263.50
381.00 263.00
381.83 263.17
382.67 263.33
383.50 263.50
383.17 263.83
382.83 264.17
382.50 264.50
382.17 264.67
381.83 264.83
381.50 265.00
382.00 264.83
382.50 264.67
383.00 264.50
382.67 264.00
382.33 263.50
382.00 263.00
381.83 262.83
381.67 262.67
381.50 262.50
381.00 262.50
380.50 262.50
380.00 262.50
380.33 262.83
380.67 263.17
381.00 263.50
380.67 263.33
380.33 263.17
380.00 263.00
380.00 262.83
380.00 262.67
380.00 262.50
379.83 262.17
379.67 261.83
379.50 261.50
380.17 261.67
380.83 261.83
381.50 262.00
380.50 261.33
379.50 260.67
378.50 260.00
379.67 259.67
380.83 259.33
382.00 259.00
382.50 258.67
383.00 258.33
383.50 258.00
382.33 257.33
381.17 256.67
380.00 256.00
380.50 255.50
381.00 255.00
381.50 254.50
381.50 254.00
381.50 253.50
381.50 253.00
380.00 248.83
378.50 244.67
377.00 240.50
378.17 241.17
379.33 241.83
380.50 242.50
380.83 241.50
381.17 240.50
381.50 239.50
381.00 238.33
380.50 237.17
380.00 236.00
380.17 235.67
380.33 235.33
380.50 235.00
380.50 233.83
380.50 232.67
380.50 231.50
380.67 230.50
380.83 229.50
381.00 228.50
380.83 228.00
380.67 227.50
380.50 227.00
381.33 226.50
382.17 226.00
383.00 225.50
382.83 224.67
382.67 223.83
382.50 223.00
382.50 222.17
382.50 221.33
382.50 220.50
382.67 219.83
382.83 219.17
383.00 218.50
382.50 217.67
382.00 216.83
381.50 216.00
380.83 215.83
380.17 215.67
379.50 215.50
378.17 212.17
376.83 208.83
375.50 205.50
377.00 206.50
370.50 209.00
370.50 209.00
370.50 209.00
368.50 201.50
368.50 201.50
370.00 195.00
370.00 195.00
370.00 195.00
374.00 203.50
379.00 204.00
383.00 215.00
382.50 216.00
383.00 218.50
387.50 217.50
387.50 217.50
389.00 223.50
389.00 223.50
387.50 222.50
387.50 222.50
387.50 222.50
387.50 222.50
392.50 218.00
388.00 219.00
388.00 219.00
390.50 220.00
388.50 221.00
392.00 217.00
389.00 220.50
389.00 220.50
389.00 220.50
389.00 220.50
392.00 218.00
392.00 218.00
392.00 217.50
392.00 217.50
391.00 219.00
391.00 219.00
392.50 217.50
392.50 217.50
392.50 217.50
392.50 217.50
392.50 217.50
392.50 217.50
394.50 217.00
394.50 217.00
394.50 216.50
390.00 218.00
388.67 217.33
398.50 215.50
397.00 218.50
402.00 219.50
402.00 219.50
396.50 218.50
395.83 220.33
396.67 219.67
397.50 219.00
397.83 219.50
398.17 220.00
398.50 220.50
395.83 220.17
393.17 219.83
390.50 219.50
399.00 220.00
396.50 218.83
399.50 218.50
399.00 219.83
398.50 221.17
398.00 222.50
396.50 220.50
395.00 218.50
393.50 216.50
393.00 217.50
392.50 218.50
392.00 219.50
388.67 219.50
385.33 219.50
382.00 219.50
378.67 218.67
375.33 217.83
383.50 220.50
377.50 218.50
377.50 218.50
372.50 219.00
369.50 217.50
368.50 218.50
367.50 219.50
366.33 218.50
365.17 217.50
364.00 216.50
363.50 216.83
363.00 217.17
362.50 217.50
360.67 217.17
358.83 216.83
357.00 216.50
355.83 216.67
354.67 216.83
353.50 217.00
352.50 215.83
351.50 214.67
350.50 213.50
350.33 214.00
350.17 214.50
350.00 215.00
349.50 213.83
349.00 212.67
348.50 211.50
346.17 210.83
343.83 210.17
341.50 209.50
339.00 209.17
336.50 208.83
334.00 208.50
332.17 208.50
330.33 208.50
328.50 208.50
327.67 208.00
326.83 207.50
326.00 207.00
324.83 206.67
323.67 206.33
322.50 206.00
321.50 206.00
320.50 206.00
319.50 206.00
318.33 206.67
317.17 207.33
316.00 208.00
317.50 208.83
319.00 209.67
320.50 210.50
321.67 213.33
322.83 216.17
324.00 219.00
315.17 219.83
306.33 220.67
297.50 221.50
291.17 210.83
284.83 200.17
278.50 189.50
286.33 182.83
294.17 176.17
302.00 169.50
303.17 178.33
304.33 187.17
305.50 196.00
304.00 196.83
302.50 197.67
301.00 198.50
301.00 199.83
301.00 201.17
301.00 202.50
299.33 203.33
297.67 204.17
296.00 205.00
297.50 205.50
299.00 206.00
300.50 206.50
298.33 206.33
296.17 206.17
294.00 206.00
293.17 206.00
292.33 206.00
291.50 206.00
292.00 206.33
292.50 206.67
293.00 207.00
292.33 207.00
291.67 207.00
291.00 207.00
290.33 207.67
289.67 208.33
289.00 209.00
296.00 208.00
297.00 207.00
296.50 207.00
296.50 207.00
297.50 207.50
300.50 207.00
300.50 206.17
300.50 205.33
300.50 204.50
300.83 205.33
301.17 206.17
301.50 207.00
302.33 208.67
303.17 210.33
304.00 212.00
305.50 214.33
307.00 216.67
308.50 219.00
308.67 220.00
308.83 221.00
309.00 222.00
309.17 221.83
309.33 221.67
309.50 221.50
308.50 223.17
307.50 224.83
306.50 226.50
307.50 228.00
308.50 229.50
309.50 231.00
308.83 231.67
308.17 232.33
307.50 233.00
307.67 233.33
307.83 233.67
308.00 234.00
308.33 234.67
308.67 235.33
309.00 236.00
309.33 235.67
309.67 235.33
310.00 235.00
311.17 236.00
312.33 237.00
313.50 238.00
312.50 238.50
311.50 239.00
310.50 239.50
310.33 238.33
310.17 237.17
310.00 236.00
310.33 236.67
310.67 237.33
311.00 238.00
309.67 237.83
308.33 237.67
307.00 237.50
307.50 237.67
308.00 237.83
308.50 238.00
309.17 238.33
309.83 238.67
310.50 239.00
311.33 239.33
312.17 239.67
313.00 240.00
313.67 238.67
314.33 237.33
315.00 236.00
316.33 236.83
317.67 237.67
319.00 238.50
319.50 237.33
320.00 236.17
320.50 235.00
323.67 235.17
326.83 235.33
330.00 235.50
331.00 234.83
332.00 234.17
333.00 233.50
333.50 234.33
334.00 235.17
334.50 236.00
337.00 235.83
339.50 235.67
342.00 235.50
342.50 235.00
343.00 234.50
343.50 234.00
344.83 234.50
346.17 235.00
347.50 235.50
349.50 236.33
351.50 237.17
353.50 238.00
355.83 236.83
358.17 235.67
360.50 234.50
361.17 234.33
361.83 234.17
362.50 234.00
364.50 235.17
366.50 236.33
368.50 237.50
371.00 237.67
373.50 237.83
376.00 238.00
378.50 238.17
381.00 238.33
383.50 238.50
386.00 238.50
388.50 238.50
391.00 238.50
393.00 239.33
395.00 240.17
397.00 241.00
397.17 241.17
397.33 241.33
397.50 241.50
399.00 243.17
400.50 244.83
402.00 246.50
404.67 244.50
407.33 242.50
410.00 240.50
411.00 243.00
412.00 245.50
413.00 248.00
414.50 247.33
416.00 246.67
417.50 246.00
420.83 247.50
424.17 249.00
427.50 250.50
427.83 251.33
428.17 252.17
428.50 253.00
431.00 252.50
433.50 252.00
436.00 251.50
435.67 251.83
435.33 252.17
435.00 252.50
436.17 252.17
437.33 251.83
438.50 251.50
439.17 251.50
439.83 251.50
440.50 251.50
441.50 252.33
442.50 253.17
443.50 254.00
444.00 254.50
444.50 255.00
445.00 255.50
446.00 256.50
447.00 257.50
448.00 258.50
449.33 258.50
450.67 258.50
452.00 258.50
452.00 259.33
452.00 260.17
452.00 261.00
453.50 261.17
455.00 261.33
456.50 261.50
457.33 261.67
458.17 261.83
459.00 262.00
459.17 261.83
459.33 261.67
459.50 261.50
463.67 264.00
467.83 266.50
472.00 269.00
472.50 268.00
473.00 267.00
473.50 266.00
471.67 265.83
469.83 265.67
468.00 265.50
469.50 265.67
471.00 265.83
472.50 266.00
472.50 265.83
472.50 265.67
472.50 265.50
472.33 265.50
472.17 265.50
472.00 265.50
472.17 265.83
472.33 266.17
472.50 266.50
476.50 268.00
473.50 269.50
473.50 269.50
473.50 269.50
472.00 269.00
472.00 267.50
477.00 272.50
474.50 269.00
474.50 269.00
474.50 269.00
474.50 269.00
474.50 269.00
473.00 269.50
473.00 269.50
476.50 271.00
476.50 271.00
476.50 271.00
473.50 267.00
476.50 271.00
476.00 270.50
476.00 270.50
476.00 270.50
476.00 270.50
476.00 270.50
471.50 267.50
469.50 267.00
468.50 269.00
468.50 269.00
468.50 269.00
468.50 269.00
468.50 269.00
468.50 269.00
468.50 269.00
465.50 270.50
463.00 271.00
463.00 271.50
463.50 273.00
466.00 274.50
465.00 285.00
466.00 287.50
466.00 287.50
466.00 287.50
469.50 289.00
467.50 291.50
467.50 291.50
467.50 291.50
467.50 291.50
467.50 291.50
467.50 291.50
467.50 291.50
467.50 291.50
467.50 291.50
467.00 291.50
467.00 291.50
467.00 291.50
469.50 293.00
471.00 294.00
467.50 290.50
469.00 291.50
469.00 291.50
469.00 291.50
469.00 291.50
467.50 298.50
469.50 294.00
469.50 294.00
470.00 298.50
470.00 298.50
469.50 294.50
469.50 294.50
468.17 287.17
467.83 287.33
467.50 287.50
466.83 287.00
466.17 286.50
465.50 286.00
465.50 287.33
465.50 288.67
465.50 290.00
465.67 288.50
465.83 287.00
466.00 285.50
465.83 285.17
465.67 284.83
465.50 284.50
463.83 284.17
462.17 283.83
460.50 283.50
459.67 283.67
458.83 283.83
458.00 284.00
457.67 283.00
462.50 288.00
462.50 288.00
458.00 287.00
458.00 287.00
452.00 286.00
456.00 283.50
452.00 285.50
452.00 285.50
452.00 285.00
452.00 285.00
452.00 285.00
452.00 285.00
444.00 283.00
443.50 277.00
442.50 276.83
441.50 276.67
440.50 276.50
438.17 276.00
435.83 275.50
433.50 275.00
433.17 275.33
432.83 275.67
432.50 276.00
430.00 274.83
427.50 273.67
425.00 272.50
423.33 272.33
421.67 272.17
420.00 272.00
416.83 271.33
413.67 270.67
410.50 270.00
410.00 269.50
409.50 269.00
409.00 268.50
405.00 268.00
401.00 267.50
397.00 267.00
392.67 266.67
388.33 266.33
384.00 266.00
384.33 265.67
384.67 265.33
385.00 265.00
382.50 264.50
380.00 264.00
377.50 263.50
375.33 263.17
373.17 262.83
371.00 262.50
368.50 262.00
366.00 261.50
363.50 261.00
362.33 260.33
361.17 259.67
360.00 259.00
359.00 258.83
358.00 258.67
357.00 258.50
355.17 258.33
353.33 258.17
351.50 258.00
349.17 257.00
346.83 256.00
344.50 255.00
344.00 255.33
343.50 255.67
343.00 256.00
341.17 256.00
339.33 256.00
337.50 256.00
336.33 255.67
335.17 255.33
334.00 255.00
333.17 254.83
332.33 254.67
331.50 254.50
329.50 254.17
327.50 253.83
325.50 253.50
324.33 253.50
323.17 253.50
322.00 253.50
320.83 253.17
319.67 252.83
318.50 252.50
317.00 252.67
315.50 252.83
314.00 253.00
312.33 253.00
310.67 253.00
309.00 253.00
308.17 252.17
307.33 251.33
306.50 250.50
306.00 250.33
305.50 250.17
305.00 250.00
303.83 249.50
302.67 249.00
301.50 248.50
301.33 248.83
301.17 249.17
301.00 249.50
300.83 248.83
300.67 248.17
300.50 247.50
299.17 247.00
297.83 246.50
296.50 246.00
296.50 246.33
296.50 246.67
296.50 247.00
296.50 246.83
296.50 246.67
296.50 246.50
295.50 246.50
294.50 246.50
293.50 246.50
293.67 246.33
293.83 246.17
294.00 246.00
293.33 245.17
292.67 244.33
292.00 243.50
292.17 243.17
292.33 242.83
292.50 242.50
292.67 242.67
292.83 242.83
293.00 243.00
291.83 243.00
290.67 243.00
289.50 243.00
290.17 242.67
290.83 242.33
291.50 242.00
291.17 241.83
290.83 241.67
290.50 241.50
290.33 241.33
290.17 241.17
290.00 241.00
290.83 241.33
291.67 241.67
292.50 242.00
292.17 242.00
291.83 242.00
291.50 242.00
291.83 242.17
292.17 242.33
292.50 242.50
292.83 243.33
293.17 244.17
293.50 245.00
293.67 245.33
293.83 245.67
294.00 246.00
294.33 246.50
294.67 247.00
295.00 247.50
296.00 250.67
297.00 253.83
298.00 257.00
299.17 257.83
300.33 258.67
301.50 259.50
301.50 260.83
301.50 262.17
301.50 263.50
301.33 264.00
301.17 264.50
301.00 265.00
301.83 265.33
302.67 265.67
303.50 266.00
303.17 266.00
302.83 266.00
302.50 266.00
303.17 266.50
303.83 267.00
304.50 267.50
304.33 268.50
304.17 269.50
304.00 270.50
304.17 270.50
304.33 270.50
304.50 270.50
304.67 271.00
304.83 271.50
305.00 272.00
305.00 272.00
305.00 272.00
305.00 272.00
305.50 272.50
306.00 273.00
306.50 273.50
306.50 273.83
306.50 274.17
306.50 274.50
306.50 274.67
306.50 274.83
306.50 275.00
308.00 275.17
309.50 275.33
311.00 275.50
311.00 275.00
311.00 274.50
311.00 274.00
312.00 274.67
313.00 275.33
314.00 276.00
314.50 275.83
315.00 275.67
315.50 275.50
316.83 275.67
318.17 275.83
319.50 276.00
320.17 275.50
320.83 275.00
321.50 274.50
322.67 275.17
323.83 275.83
325.00 276.50
325.33 276.17
325.67 275.83
326.00 275.50
327.00 275.83
328.00 276.17
329.00 276.50
331.00 276.83
333.00 277.17
335.00 277.50
335.83 277.33
336.67 277.17
337.50 277.00
338.83 277.33
340.17 277.67
341.50 278.00
342.67 278.33
343.83 278.67
345.00 279.00
346.83 279.17
348.67 279.33
350.50 279.50
351.33 279.83
352.17 280.17
353.00 280.50
356.50 281.67
360.00 282.83
363.50 284.00
364.00 283.83
364.50 283.67
365.00 283.50
368.33 284.50
371.67 285.50
375.00 286.50
376.67 287.83
378.33 289.17
380.00 290.50
382.17 290.83
384.33 291.17
386.50 291.50
387.83 291.83
389.17 292.17
390.50 292.50
392.00 294.17
393.50 295.83
395.00 297.50
397.17 297.83
399.33 298.17
401.50 298.50
403.83 299.17
406.17 299.83
408.50 300.50
410.00 301.50
411.50 302.50
413.00 303.50
414.33 303.33
415.67 303.17
417.00 303.00
417.50 303.50
418.00 304.00
418.50 304.50
420.50 304.33
422.50 304.17
424.50 304.00
425.67 304.67
426.83 305.33
428.00 306.00
429.17 306.33
430.33 306.67
431.50 307.00
434.50 305.00
437.50 307.00
437.50 307.00
437.50 307.00
437.50 307.00
440.00 310.50
439.00 312.00
441.00 313.00
443.50 311.50
450.00 314.00
450.00 314.00
447.00 313.50
449.00 313.50
449.00 313.50
449.00 313.50
449.00 314.00
454.17 313.50
457.50 315.50
457.67 315.00
457.83 314.50
458.00 314.00
459.50 312.50
461.00 311.00
462.50 309.50
461.50 309.00
460.50 308.50
459.50 308.00
459.83 308.33
460.17 308.67
460.50 309.00
461.33 310.17
462.17 311.33
463.00 312.50
464.67 312.67
466.33 312.83
468.00 313.00
467.33 313.33
466.67 313.67
466.00 314.00
467.83 314.50
469.67 315.00
471.50 315.50
469.67 315.50
467.83 315.50
466.00 315.50
467.00 314.83
468.00 314.17
469.00 313.50
467.83 314.00
466.67 314.50
465.50 315.00
466.00 315.17
466.50 315.33
467.00 315.50
466.67 316.50
466.33 317.50
466.00 318.50
466.00 317.50
466.00 316.50
466.00 315.50
466.33 315.17
466.67 314.83
467.00 314.50
466.83 315.00
466.67 315.50
466.50 316.00
466.33 315.83
466.17 315.67
466.00 315.50
465.67 315.33
465.33 315.17
465.00 315.00
465.00 314.33
465.00 313.67
465.00 313.00
464.83 314.33
464.67 315.67
464.50 317.00
462.83 318.83
461.17 320.67
459.50 322.50
458.50 324.83
457.50 327.17
456.50 329.50
456.17 332.67
455.83 335.83
455.50 339.00
455.67 336.83
455.83 334.67
456.00 332.50
453.83 333.50
451.67 334.50
449.50 335.50
450.67 336.33
451.83 337.17
453.00 338.00
452.50 337.83
452.00 337.67
451.50 337.50
450.67 339.67
449.83 341.83
449.00 344.00
449.67 345.00
450.33 346.00
451.00 347.00
451.33 347.00
451.67 347.00
452.00 347.00
451.17 346.50
450.33 346.00
449.50 345.50
450.00 344.83
450.50 344.17
451.00 343.50
451.33 344.33
451.67 345.17
452.00 346.00
452.33 347.17
452.67 348.33
453.00 349.50
451.33 348.83
449.67 348.17
448.00 347.50
448.67 349.33
449.33 351.17
450.00 353.00
450.33 352.67
450.67 352.33
451.00 352.00
450.67 352.00
450.33 352.00
450.00 352.00
447.33 350.67
444.67 349.33
442.00 348.00
440.83 349.33
439.67 350.67
438.50 352.00
440.17 349.67
441.83 347.33
443.50 345.00
437.50 342.17
431.50 339.33
425.50 336.50
423.33 337.00
421.17 337.50
419.00 338.00
417.00 335.83
415.00 333.67
413.00 331.50
412.83 332.33
412.67 333.17
412.50 334.00
411.67 334.00
410.83 334.00
410.00 334.00
406.17 333.17
402.33 332.33
398.50 331.50
399.50 330.67
400.50 329.83
401.50 329.00
402.83 328.33
404.17 327.67
405.50 327.00
401.67 327.17
397.83 327.33
394.00 327.50
390.83 327.00
387.67 326.50
384.50 326.00
383.67 325.00
382.83 324.00
382.00 323.00
380.50 322.17
379.00 321.33
377.50 320.50
374.33 319.83
371.17 319.17
368.00 318.50
367.17 319.50
366.33 320.50
365.50 321.50
363.83 320.67
362.17 319.83
360.50 319.00
357.67 317.50
354.83 316.00
352.00 314.50
351.17 314.17
350.33 313.83
349.50 313.50
349.83 313.50
350.17 313.50
350.50 313.50
349.83 313.00
349.17 312.50
348.50 312.00
346.33 311.50
344.17 311.00
342.00 310.50
339.00 309.50
336.00 308.50
333.00 307.50
328.83 305.00
324.67 302.50
320.50 300.00
319.00 299.50
317.50 299.00
316.00 298.50
315.00 298.00
314.00 297.50
313.00 297.00
312.50 297.00
312.00 297.00
311.50 297.00
310.33 296.00
309.17 295.00
308.00 294.00
307.00 293.83
306.00 293.67
305.00 293.50
303.33 293.00
301.67 292.50
300.00 292.00
300.33 292.17
300.67 292.33
301.00 292.50
299.33 292.17
297.67 291.83
296.00 291.50
296.00 291.17
296.00 290.83
296.00 290.50
295.83 290.50
295.67 290.50
295.50 290.50
294.83 290.83
294.17 291.17
293.50 291.50
292.83 291.50
292.17 291.50
291.50 291.50
291.00 291.67
290.50 291.83
290.00 292.00
290.50 292.17
291.00 292.33
291.50 292.50
291.50 291.83
291.50 291.17
291.50 290.50
291.33 290.50
291.17 290.50
291.00 290.50
290.50 290.67
290.00 290.83
289.50 291.00
289.33 290.33
289.17 289.67
289.00 289.00
289.33 289.50
289.67 290.00
290.00 290.50
289.67 290.83
289.33 291.17
289.00 291.50
288.83 290.83
288.67 290.17
288.50 289.50
289.17 290.00
289.83 290.50
290.50 291.00
290.17 290.83
289.83 290.67
289.50 290.50
290.00 290.17
290.50 289.83
291.00 289.50
290.50 289.50
290.00 289.50
289.50 289.50
290.17 290.00
290.83 290.50
291.50 291.00
291.00 290.00
290.50 289.00
290.00 288.00
291.50 287.17
293.00 286.33
294.50 285.50
293.17 285.33
291.83 285.17
290.50 285.00
291.17 284.67
291.83 284.33
292.50 284.00
292.17 282.67
291.83 281.33
291.50 280.00
291.83 278.33
292.17 276.67
292.50 275.00
290.17 273.67
287.83 272.33
285.50 271.00
285.83 270.17
286.17 269.33
286.50 268.50
287.00 267.67
287.50 266.83
288.00 266.00
288.17 265.17
288.33 264.33
288.50 263.50
288.83 263.17
289.17 262.83
289.50 262.50
289.83 261.50
290.17 260.50
290.50 259.50
291.00 258.83
291.50 258.17
292.00 257.50
292.17 256.83
292.33 256.17
292.50 255.50
292.33 255.33
292.17 255.17
292.00 255.00
292.17 254.50
292.33 254.00
292.50 253.50
292.67 253.50
292.83 253.50
293.00 253.50
292.83 253.17
292.67 252.83
292.50 252.50
292.67 252.33
292.83 252.17
293.00 252.00
293.33 252.00
293.67 252.00
294.00 252.00
294.50 252.00
295.00 252.00
295.50 252.00
295.50 251.50
295.50 251.00
295.50 250.50
294.83 251.33
294.17 252.17
293.50 253.00
294.83 254.33
296.17 255.67
297.50 257.00
298.50 257.33
299.50 257.67
300.50 258.00
302.00 258.00
303.50 258.00
305.00 258.00
304.83 258.17
304.67 258.33
304.50 258.50
306.00 258.67
307.50 258.83
309.00 259.00
310.00 259.00
311.00 259.00
312.00 259.00
313.50 259.50
315.00 260.00
316.50 260.50
318.00 260.50
319.50 260.50
321.00 260.50
322.17 261.67
323.33 262.83
324.50 264.00
326.83 264.17
329.17 264.33
331.50 264.50
332.00 264.67
332.50 264.83
333.00 265.00
335.33 266.50
337.67 268.00
340.00 269.50
341.50 268.67
343.00 267.83
344.50 267.00
346.00 268.67
347.50 270.33
349.00 272.00
350.83 272.83
352.67 273.67
354.50 274.50
355.50 275.00
356.50 275.50
357.50 276.00
358.33 276.33
359.17 276.67
360.00 277.00
361.83 277.33
363.67 277.67
365.50 278.00
366.50 278.00
367.50 278.00
368.50 278.00
370.33 279.00
372.17 280.00
374.00 281.00
376.00 281.83
378.00 282.67
380.00 283.50
380.83 283.83
381.67 284.17
382.50 284.50
383.83 284.67
385.17 284.83
386.50 285.00
388.50 285.83
390.50 286.67
392.50 287.50
392.50 288.17
392.50 288.83
392.50 289.50
394.50 289.83
396.50 290.17
398.50 290.50
400.00 291.33
401.50 292.17
403.00 293.00
404.17 293.00
405.33 293.00
406.50 293.00
408.50 293.50
410.50 294.00
412.50 294.50
413.33 295.00
414.17 295.50
415.00 296.00
416.50 296.33
418.00 296.67
419.50 297.00
419.33 297.00
419.17 297.00
419.00 297.00
420.67 297.83
422.33 298.67
424.00 299.50
424.50 299.50
425.00 299.50
425.50 299.50
427.17 300.50
428.83 301.50
430.50 302.50
431.83 304.33
433.17 306.17
434.50 308.00
437.50 309.17
440.50 310.33
443.50 311.50
444.33 312.33
445.17 313.17
446.00 314.00
447.00 313.17
448.00 312.33
449.00 311.50
448.00 312.50
447.00 313.50
446.00 314.50
447.00 315.83
448.00 317.17
449.00 318.50
448.67 318.67
448.33 318.83
448.00 319.00
449.33 318.33
450.67 317.67
452.00 317.00
451.33 316.83
450.67 316.67
450.00 316.50
451.00 317.83
452.00 319.17
453.00 320.50
452.17 320.00
451.33 319.50
450.50 319.00
450.50 318.00
450.50 317.00
450.50 316.00
452.33 316.67
454.17 317.33
456.00 318.00
456.00 318.50
456.00 319.00
456.00 319.50
455.33 319.83
454.67 320.17
454.00 320.50
453.67 319.67
453.33 318.83
453.00 318.00
452.17 317.67
451.33 317.33
450.50 317.00
450.50 316.67
450.50 316.33
450.50 316.00
452.00 315.50
453.50 315.00
455.00 314.50
454.17 314.50
453.33 314.50
452.50 314.50
452.67 312.50
452.83 310.50
453.00 308.50
451.83 302.33
450.67 296.17
449.50 290.00
448.67 287.67
447.83 285.33
447.00 283.00
447.17 283.67
447.33 284.33
447.50 285.00
446.67 281.83
445.83 278.67
445.00 275.50
445.83 274.67
446.67 273.83
447.50 273.00
446.67 272.50
445.83 272.00
445.00 271.50
444.50 270.00
444.00 268.50
443.50 267.00
443.17 266.33
442.83 265.67
442.50 265.00
443.83 264.17
445.17 263.33
446.50 262.50
444.50 261.83
442.50 261.17
440.50 260.50
440.67 260.67
440.83 260.83
441.00 261.00
440.67 261.17
440.33 261.33
440.00 261.50
440.67 263.17
441.33 264.83
442.00 266.50
441.17 266.50
440.33 266.50
439.50 266.50
438.33 266.83
437.17 267.17
436.00 267.50
437.33 268.50
438.67 269.50
440.00 270.50
439.67 269.00
439.33 267.50
439.00 266.00
438.50 266.00
438.00 266.00
437.50 266.00
436.00 266.83
434.50 267.67
433.00 268.50
431.17 269.00
429.33 269.50
427.50 270.00
427.50 269.17
427.50 268.33
427.50 267.50
423.33 266.50
419.17 265.50
415.00 264.50
410.33 263.00
405.67 261.50
401.00 260.00
398.33 258.17
395.67 256.33
393.00 254.50
392.83 254.33
392.67 254.17
392.50 254.00
389.83 253.83
387.17 253.67
384.50 253.50
382.17 253.67
379.83 253.83
377.50 254.00
377.17 253.00
376.83 252.00
376.50 251.00
372.50 250.83
368.50 250.67
364.50 250.50
360.33 249.33
356.17 248.17
352.00 247.00
351.00 246.50
350.00 246.00
349.00 245.50
347.17 245.50
345.33 245.50
343.50 245.50
342.33 245.33
341.17 245.17
340.00 245.00
336.67 244.67
333.33 244.33
330.00 244.00
329.50 244.33
329.00 244.67
328.50 245.00
328.67 245.00
328.83 245.00
329.00 245.00
327.33 244.50
325.67 244.00
324.00 243.50
323.67 243.50
323.33 243.50
323.00 243.50
321.17 243.00
319.33 242.50
317.50 242.00
316.50 241.83
315.50 241.67
314.50 241.50
313.17 241.50
311.83 241.50
310.50 241.50
309.50 240.50
308.50 239.50
307.50 238.50
306.67 237.50
305.83 236.50
305.00 235.50
305.00 235.00
305.00 234.50
305.00 234.00
304.50 234.00
304.00 234.00
303.50 234.00
302.67 234.00
301.83 234.00
301.00 234.00
300.67 233.67
300.33 233.33
300.00 233.00
298.33 233.17
296.67 233.33
295.00 233.50
294.17 233.33
293.33 233.17
292.50 233.00
292.33 232.83
292.17 232.67
292.00 232.50
291.17 232.50
290.33 232.50
289.50 232.50
289.50 232.17
289.50 231.83
289.50 231.50
288.00 231.67
286.50 231.83
285.00 232.00
285.00 232.33
285.00 232.67
285.00 233.00
284.33 232.83
283.67 232.67
283.00 232.50
282.00 232.17
281.00 231.83
280.00 231.50
280.50 231.50
281.00 231.50
281.50 231.50
280.50 231.17
279.50 230.83
278.50 230.50
278.50 230.67
278.50 230.83
278.50 231.00
278.33 231.17
278.17 231.33
278.00 231.50
278.17 231.17
278.33 230.83
278.50 230.50
278.67 230.50
278.83 230.50
279.00 230.50
279.33 230.67
279.67 230.83
280.00 231.00
280.17 231.17
280.33 231.33
280.50 231.50
280.50 231.50
280.50 231.50
280.50 231.50
280.67 231.50
280.83 231.50
281.00 231.50
281.17 231.67
281.33 231.83
281.50 232.00
281.67 231.83
281.83 231.67
282.00 231.50
282.33 231.67
282.67 231.83
283.00 232.00
282.50 231.50
282.00 231.00
281.50 230.50
282.17 230.17
282.83 229.83
283.50 229.50
283.50 228.83
283.50 228.17
283.50 227.50
283.67 227.17
283.83 226.83
284.00 226.50
283.83 225.83
283.67 225.17
283.50 224.50
283.83 224.17
284.17 223.83
284.50 223.50
284.83 223.00
285.17 222.50
285.50 222.00
285.83 221.83
286.17 221.67
286.50 221.50
286.17 221.33
285.83 221.17
285.50 221.00
284.83 219.17
284.17 217.33
283.50 215.50
284.00 215.17
284.50 214.83
285.00 214.50
285.00 214.00
285.00 213.50
285.00 213.00
285.33 212.33
285.67 211.67
286.00 211.00
287.00 211.33
288.00 211.67
289.00 212.00
289.50 211.50
290.00 211.00
290.50 210.50
291.00 210.67
291.50 210.83
292.00 211.00
292.17 211.00
292.33 211.00
292.50 211.00
293.67 211.33
294.83 211.67
296.00 212.00
296.00 211.17
296.00 210.33
296.00 209.50
295.33 207.83
294.67 206.17
294.00 204.50
294.83 204.00
295.67 203.50
296.50 203.00
297.00 202.83
297.50 202.67
298.00 202.50
298.50 202.33
299.00 202.17
299.50 202.00
300.83 202.00
302.17 202.00
303.50 202.00
305.50 202.33
307.50 202.67
309.50 203.00
310.83 202.83
312.17 202.67
313.50 202.50
314.83 202.67
316.17 202.83
317.50 203.00
318.83 203.33
320.17 203.67
321.50 204.00
322.33 204.33
323.17 204.67
324.00 205.00
323.83 204.67
323.67 204.33
323.50 204.00
324.83 203.83
326.17 203.67
327.50 203.50
328.17 203.67
328.83 203.83
329.50 204.00
331.33 204.33
333.17 204.67
335.00 205.00
335.17 205.17
335.33 205.33
335.50 205.50
337.50 205.50
339.50 205.50
341.50 205.50
343.67 205.83
345.83 206.17
348.00 206.50
350.50 207.67
353.00 208.83
355.50 210.00
358.00 210.33
360.50 210.67
363.00 211.00
364.67 211.67
366.33 212.33
368.00 213.00
368.83 213.17
369.67 213.33
370.50 213.50
371.33 214.00
372.17 214.50
373.00 215.00
374.33 215.50
375.67 216.00
377.00 216.50
378.67 217.33
380.33 218.17
382.00 219.00
383.83 219.83
385.67 220.67
387.50 221.50
389.50 222.00
391.50 222.50
393.50 223.00
394.83 223.50
396.17 224.00
397.50 224.50
398.17 224.67
398.83 224.83
399.50 225.00
401.17 225.50
402.83 226.00
404.50 226.50
405.17 226.50
405.83 226.50
406.50 226.50
407.00 227.17
407.50 227.83
408.00 228.50
409.50 228.50
411.00 228.50
412.50 228.50
414.00 229.17
415.50 229.83
417.00 230.50
418.33 230.67
419.67 230.83
421.00 231.00
421.83 230.67
422.67 230.33
423.50 230.00
424.17 230.50
424.83 231.00
425.50 231.50
425.50 231.67
425.50 231.83
425.50 232.00
427.17 232.33
428.83 232.67
430.50 233.00
432.17 234.33
433.83 235.67
435.50 237.00
436.50 236.83
437.50 236.67
438.50 236.50
439.00 237.83
439.50 239.17
440.00 240.50
439.83 240.83
439.67 241.17
439.50 241.50
440.00 241.67
440.50 241.83
441.00 242.00
441.83 242.17
442.67 242.33
443.50 242.50
444.50 242.83
445.50 243.17
446.50 243.50
446.83 244.00
447.17 244.50
447.50 245.00
447.17 245.33
446.83 245.67
446.50 246.00
447.00 245.67
447.50 245.33
448.00 245.00
448.00 245.50
448.00 246.00
448.00 246.50
448.17 246.50
448.33 246.50
448.50 246.50
448.67 246.50
448.83 246.50
449.00 246.50
447.50 245.50
446.00 244.50
444.50 243.50
444.50 243.67
444.50 243.83
444.50 244.00
443.67 243.83
442.83 243.67
442.00 243.50
442.33 243.33
442.67 243.17
443.00 243.00
442.83 242.83
442.67 242.67
442.50 242.50
442.50 242.50
442.50 242.50
442.50 242.50
442.50 242.67
442.50 242.83
442.50 243.00
442.33 242.50
442.17 242.00
442.00 241.50
442.50 242.00
443.00 242.50
443.50 243.00
443.17 243.33
442.83 243.67
442.50 244.00
442.83 243.67
443.17 243.33
443.50 243.00
443.17 243.17
442.83 243.33
442.50 243.50
442.67 243.67
442.83 243.83
443.00 244.00
444.00 245.33
445.00 246.67
446.00 248.00
445.50 248.33
445.00 248.67
444.50 249.00
445.33 250.17
446.17 251.33
447.00 252.50
446.33 252.67
445.67 252.83
445.00 253.00
446.00 254.17
447.00 255.33
448.00 256.50
447.83 257.33
447.67 258.17
447.50 259.00
447.67 259.17
447.83 259.33
448.00 259.50
447.50 260.00
447.00 260.50
446.50 261.00
446.83 260.67
447.17 260.33
447.50 260.00
447.83 261.00
448.17 262.00
448.50 263.00
448.67 263.33
448.83 263.67
449.00 264.00
448.83 264.33
448.67 264.67
448.50 265.00
448.50 265.17
448.50 265.33
448.50 265.50
448.67 266.17
448.83 266.83
449.00 267.50
449.00 267.67
449.00 267.83
449.00 268.00
448.50 267.67
448.00 267.33
447.50 267.00
448.50 267.50
449.50 268.00
450.50 268.50
450.00 268.50
449.50 268.50
449.00 268.50
448.83 268.50
448.67 268.50
448.50 268.50
449.00 269.17
449.50 269.83
450.00 270.50
448.83 269.83
447.67 269.17
446.50 268.50
446.67 268.83
446.83 269.17
447.00 269.50
446.00 268.33
445.00 267.17
444.00 266.00
444.00 266.00
444.00 266.00
444.00 266.00
443.33 265.67
442.67 265.33
442.00 265.00
441.50 265.00
441.00 265.00
440.50 265.00
440.17 264.50
439.83 264.00
439.50 263.50
438.83 264.00
438.17 264.50
437.50 265.00
425.17 261.83
412.83 258.67
400.50 255.50
381.50 250.50
362.50 245.50
343.50 240.50
341.00 240.83
338.50 241.17
336.00 241.50
335.50 241.67
335.00 241.83
334.50 242.00
334.83 241.83
335.17 241.67
335.50 241.50
334.67 241.17
333.83 240.83
333.00 240.50
333.83 241.00
334.67 241.50
335.50 242.00
335.00 241.50
334.50 241.00
334.00 240.50
334.00 240.67
334.00 240.83
334.00 241.00
336.00 241.00
343.00 241.50
357.50 245.00
373.00 251.00
387.50 253.50
396.00 255.50
394.50 256.00
394.33 253.17
394.50 253.50
394.50 253.50
394.50 253.50
394.50 253.50
393.17 253.33
391.83 253.17
390.50 253.00
390.33 252.67
390.17 252.33
390.00 252.00
389.33 251.17
388.67 250.33
388.00 249.50
387.00 249.67
386.00 249.83
385.00 250.00
383.00 249.83
381.00 249.67
379.00 249.50
378.67 248.83
378.33 248.17
378.00 247.50
376.17 247.50
374.33 247.50
372.50 247.50
370.50 247.00
368.50 246.50
366.50 246.00
364.67 246.17
362.83 246.33
361.00 246.50
358.67 245.83
356.33 245.17
354.00 244.50
353.67 244.17
353.33 243.83
353.00 243.50
351.83 242.83
350.67 242.17
349.50 241.50
348.00 241.00
