395.50 231.50
395.75 231.38
396.00 231.25
396.25 231.12
396.50 231.00
396.75 231.12
397.00 231.25
397.25 231.38
397.50 231.50
397.38 231.38
397.25 231.25
397.12 231.12
397.00 231.00
397.25 231.38
397.50 231.75
397.75 232.12
398.00 232.50
398.12 232.38
398.25 232.25
398.38 232.12
398.50 232.00
398.25 232.12
398.00 232.25
397.75 232.38
397.50 232.50
397.38 232.25
397.25 232.00
397.12 231.75
397.00 231.50
397.00 231.38
397.00 231.25
397.00 231.12
397.00 231.00
397.00 230.38
397.00 229.75
397.00 229.12
397.00 228.50
397.12 227.88
397.25 227.25
397.38 226.62
397.50 226.00
397.75 225.50
398.00 225.00
398.25 224.50
398.50 224.00
398.62 222.75
398.75 221.50
398.88 220.25
399.00 219.00
399.50 218.25
400.00 217.50
400.50 216.75
401.00 216.00
401.62 214.62
402.25 213.25
402.88 211.88
403.50 210.50
403.62 209.62
403.75 208.75
403.88 207.88
404.00 207.00
404.25 206.50
404.50 206.00
404.75 205.50
405.00 205.00
404.88 204.00
404.75 203.00
404.62 202.00
404.50 201.00
404.38 200.50
404.25 200.00
404.12 199.50
404.00 199.00
404.00 198.62
404.00 198.25
404.00 197.88
404.00 197.50
403.25 196.00
402.50 194.50
401.75 193.00
401.00 191.50
400.88 190.50
400.75 189.50
400.62 188.50
400.50 187.50
400.62 187.12
400.75 186.75
400.88 186.38
401.00 186.00
401.12 186.00
401.25 186.00
401.38 186.00
401.50 186.00
401.12 185.62
400.75 185.25
400.38 184.88
400.00 184.50
400.25 184.38
400.50 184.25
400.75 184.12
401.00 184.00
400.88 184.00
400.75 184.00
400.62 184.00
400.50 184.00
400.50 183.88
400.50 183.75
400.50 183.62
400.50 183.50
400.50 183.50
400.50 183.50
400.50 183.50
400.50 183.50
400.25 183.75
400.00 184.00
399.75 184.25
399.50 184.50
399.12 184.25
398.75 184.00
398.38 183.75
398.00 183.50
397.12 183.50
396.25 183.50
395.38 183.50
394.50 183.50
393.25 183.38
392.00 183.25
390.75 183.12
389.50 183.00
386.25 182.75
383.00 182.50
379.75 182.25
376.50 182.00
375.62 181.88
374.75 181.75
373.88 181.62
373.00 181.50
372.00 181.50
371.00 181.50
370.00 181.50
369.00 181.50
367.88 181.12
366.75 180.75
365.62 180.38
364.50 180.00
363.38 180.00
362.25 180.00
361.12 180.00
360.00 180.00
358.25 179.88
356.50 179.75
354.75 179.62
353.00 179.50
351.62 179.25
350.25 179.00
348.88 178.75
347.50 178.50
345.50 178.25
343.50 178.00
341.50 177.75
339.50 177.50
337.62 177.50
335.75 177.50
333.88 177.50
332.00 177.50
330.38 177.50
328.75 177.50
327.12 177.50
325.50 177.50
324.25 177.38
323.00 177.25
321.75 177.12
320.50 177.00
319.50 177.12
318.50 177.25
317.50 177.38
316.50 177.50
315.75 177.75
315.00 178.00
314.25 178.25
313.50 178.50
313.25 178.38
313.00 178.25
312.75 178.12
312.50 178.00
312.00 178.12
311.50 178.25
311.00 178.38
310.50 178.50
310.25 179.00
310.00 179.50
309.75 180.00
309.50 180.50
309.00 180.50
308.50 180.50
308.00 180.50
307.50 180.50
307.25 180.50
307.00 180.50
306.75 180.50
306.50 180.50
306.50 180.88
306.50 181.25
306.50 181.62
306.50 182.00
306.50 182.00
306.50 182.00
306.50 182.00
306.50 182.00
306.50 182.00
306.50 182.00
306.50 182.00
306.50 182.00
306.88 181.88
307.25 181.75
307.62 181.62
308.00 181.50
307.88 181.62
307.75 181.75
307.62 181.88
307.50 182.00
305.88 182.88
304.25 183.75
302.62 184.62
301.00 185.50
301.12 185.62
301.25 185.75
301.38 185.88
301.50 186.00
301.50 186.12
301.50 186.25
301.50 186.38
301.50 186.50
301.62 187.00
301.75 187.50
301.88 188.00
302.00 188.50
301.88 189.00
301.75 189.50
301.62 190.00
301.50 190.50
301.75 191.50
302.00 192.50
302.25 193.50
302.50 194.50
302.88 197.12
303.25 199.75
303.62 202.38
304.00 205.00
304.25 205.62
304.50 206.25
304.75 206.88
305.00 207.50
305.12 207.62
305.25 207.75
305.38 207.88
305.50 208.00
305.50 208.25
305.50 208.50
305.50 208.75
305.50 209.00
305.75 209.25
306.00 209.50
306.25 209.75
306.50 210.00
306.75 210.25
307.00 210.50
307.25 210.75
307.50 211.00
307.62 211.38
307.75 211.75
307.88 212.12
308.00 212.50
308.38 212.50
308.75 212.50
309.12 212.50
309.50 212.50
310.00 212.62
310.50 212.75
311.00 212.88
311.50 213.00
312.38 213.00
313.25 213.00
314.12 213.00
315.00 213.00
316.75 212.50
318.50 212.00
320.25 211.50
322.00 211.00
323.62 211.12
325.25 211.25
326.88 211.38
328.50 211.50
330.12 211.62
331.75 211.75
333.38 211.88
335.00 212.00
336.12 211.62
337.25 211.25
338.38 210.88
339.50 210.50
341.25 210.50
343.00 210.50
344.75 210.50
346.50 210.50
348.00 211.00
349.50 211.50
351.00 212.00
352.50 212.50
354.12 212.62
355.75 212.75
357.38 212.88
359.00 213.00
360.75 213.38
362.50 213.75
364.25 214.12
366.00 214.50
368.00 214.88
370.00 215.25
372.00 215.62
374.00 216.00
376.25 216.25
378.50 216.50
380.75 216.75
383.00 217.00
385.25 217.62
387.50 218.25
389.75 218.88
392.00 219.50
394.00 219.88
396.00 220.25
398.00 220.62
400.00 221.00
402.62 221.75
405.25 222.50
407.88 223.25
410.50 224.00
412.62 224.62
414.75 225.25
416.88 225.88
419.00 226.50
420.88 227.38
422.75 228.25
424.62 229.12
426.50 230.00
428.25 230.38
430.00 230.75
431.75 231.12
433.50 231.50
435.00 232.00
436.50 232.50
438.00 233.00
439.50 233.50
441.25 234.38
443.00 235.25
444.75 236.12
446.50 237.00
447.88 237.88
449.25 238.75
450.62 239.62
452.00 240.50
454.25 241.38
456.50 242.25
458.75 243.12
461.00 244.00
462.00 244.75
463.00 245.50
464.00 246.25
465.00 247.00
465.75 247.25
466.50 247.50
467.25 247.75
468.00 248.00
468.75 248.38
469.50 248.75
470.25 249.12
471.00 249.50
471.62 249.88
472.25 250.25
472.88 250.62
473.50 251.00
474.00 251.38
474.50 251.75
475.00 252.12
475.50 252.50
476.00 252.75
476.50 253.00
477.00 253.25
477.50 253.50
477.38 253.62
477.25 253.75
477.12 253.88
477.00 254.00
477.00 253.88
477.00 253.75
477.00 253.62
477.00 253.50
477.25 253.50
477.50 253.50
477.75 253.50
478.00 253.50
477.88 253.75
477.75 254.00
477.62 254.25
477.50 254.50
477.50 254.12
477.50 253.75
477.50 253.38
477.50 253.00
477.25 253.25
477.00 253.50
476.75 253.75
476.50 254.00
476.00 253.25
475.50 252.50
475.00 251.75
474.50 251.00
474.50 251.00
474.50 251.00
474.50 251.00
474.50 251.00
474.25 251.00
474.00 251.00
473.75 251.00
473.50 251.00
473.50 251.12
473.50 251.25
473.50 251.38
473.50 251.50
473.62 251.62
473.75 251.75
473.88 251.88
474.00 252.00
474.12 252.38
474.25 252.75
474.38 253.12
474.50 253.50
475.12 255.75
475.75 258.00
476.38 260.25
477.00 262.50
477.62 265.88
478.25 269.25
478.88 272.62
479.50 276.00
479.75 276.88
480.00 277.75
480.25 278.62
480.50 279.50
480.75 280.38
481.00 281.25
481.25 282.12
481.50 283.00
481.38 283.75
481.25 284.50
481.12 285.25
481.00 286.00
480.88 286.50
480.75 287.00
480.62 287.50
480.50 288.00
480.50 288.75
480.50 289.50
480.50 290.25
480.50 291.00
481.00 292.88
481.50 294.75
482.00 296.62
482.50 298.50
483.25 301.00
484.00 303.50
484.75 306.00
485.50 308.50
485.50 308.88
485.50 309.25
485.50 309.62
485.50 310.00
485.50 310.25
485.50 310.50
485.50 310.75
485.50 311.00
485.50 311.12
485.50 311.25
485.50 311.38
485.50 311.50
485.38 311.50
485.25 311.50
485.12 311.50
485.00 311.50
484.88 311.50
484.75 311.50
484.62 311.50
484.50 311.50
484.50 311.50
484.50 311.50
484.50 311.50
484.50 311.50
484.00 311.38
483.50 311.25
483.00 311.12
482.50 311.00
482.12 311.00
481.75 311.00
481.38 311.00
481.00 311.00
480.25 311.00
479.50 311.00
478.75 311.00
478.00 311.00
477.75 311.00
477.50 311.00
477.25 311.00
477.00 311.00
476.00 310.50
475.00 310.00
474.00 309.50
473.00 309.00
472.25 308.75
471.50 308.50
470.75 308.25
470.00 308.00
469.00 307.38
468.00 306.75
467.00 306.12
466.00 305.50
464.88 305.00
463.75 304.50
462.62 304.00
461.50 303.50
459.25 302.12
457.00 300.75
454.75 299.38
452.50 298.00
450.62 297.00
448.75 296.00
446.88 295.00
445.00 294.00
443.25 293.25
441.50 292.50
439.75 291.75
438.00 291.00
435.88 290.12
433.75 289.25
431.62 288.38
429.50 287.50
427.62 286.75
425.75 286.00
423.88 285.25
422.00 284.50
420.00 283.75
418.00 283.00
416.00 282.25
414.00 281.50
411.88 281.00
409.75 280.50
407.62 280.00
405.50 279.50
403.75 278.88
402.00 278.25
400.25 277.62
398.50 277.00
396.50 276.12
394.50 275.25
392.50 274.38
390.50 273.50
388.00 272.62
385.50 271.75
383.00 270.88
380.50 270.00
378.75 269.50
377.00 269.00
375.25 268.50
373.50 268.00
371.50 267.12
369.50 266.25
367.50 265.38
365.50 264.50
363.50 263.75
361.50 263.00
359.50 262.25
357.50 261.50
355.75 260.88
354.00 260.25
352.25 259.62
350.50 259.00
349.25 258.38
348.00 257.75
346.75 257.12
345.50 256.50
343.75 255.88
342.00 255.25
340.25 254.62
338.50 254.00
337.25 253.62
336.00 253.25
334.75 252.88
333.50 252.50
332.50 252.00
331.50 251.50
330.50 251.00
329.50 250.50
328.62 250.12
327.75 249.75
326.88 249.38
326.00 249.00
324.88 248.88
323.75 248.75
322.62 248.62
321.50 248.50
319.88 248.25
318.25 248.00
316.62 247.75
315.00 247.50
314.12 247.38
313.25 247.25
312.38 247.12
311.50 247.00
310.75 246.62
310.00 246.25
309.25 245.88
308.50 245.50
308.00 245.25
307.50 245.00
307.00 244.75
306.50 244.50
306.38 244.50
306.25 244.50
306.12 244.50
306.00 244.50
305.75 244.12
305.50 243.75
305.25 243.38
305.00 243.00
305.00 243.38
305.00 243.75
305.00 244.12
305.00 244.50
305.25 244.12
305.50 243.75
305.75 243.38
306.00 243.00
306.25 242.88
306.50 242.75
306.75 242.62
307.00 242.50
307.25 242.38
307.50 242.25
307.75 242.12
308.00 242.00
308.00 242.00
308.00 242.00
308.00 242.00
308.00 242.00
308.12 241.75
308.25 241.50
308.38 241.25
308.50 241.00
309.00 241.25
309.50 241.50
310.00 241.75
310.50 242.00
310.88 242.00
311.25 242.00
311.62 242.00
312.00 242.00
312.00 242.62
312.00 243.25
312.00 243.88
312.00 244.50
312.38 245.62
312.75 246.75
313.12 247.88
313.50 249.00
314.38 254.88
315.25 260.75
316.12 266.62
317.00 272.50
317.12 272.75
317.25 273.00
317.38 273.25
317.50 273.50
317.88 273.88
318.25 274.25
318.62 274.62
319.00 275.00
319.00 275.25
319.00 275.50
319.00 275.75
319.00 276.00
319.00 276.00
319.00 276.00
319.00 276.00
319.00 276.00
318.88 276.50
318.75 277.00
318.62 277.50
318.50 278.00
318.75 277.88
319.00 277.75
319.25 277.62
319.50 277.50
319.75 277.62
320.00 277.75
320.25 277.88
320.50 278.00
320.88 277.75
321.25 277.50
321.62 277.25
322.00 277.00
322.88 277.00
323.75 277.00
324.62 277.00
325.50 277.00
327.00 276.88
328.50 276.75
330.00 276.62
331.50 276.50
333.00 276.50
334.50 276.50
336.00 276.50
337.50 276.50
339.38 276.38
341.25 276.25
343.12 276.12
345.00 276.00
346.75 276.50
348.50 277.00
350.25 277.50
352.00 278.00
353.88 278.62
355.75 279.25
357.62 279.88
359.50 280.50
362.25 281.00
365.00 281.50
367.75 282.00
370.50 282.50
372.88 283.12
375.25 283.75
377.62 284.38
380.00 285.00
382.38 285.88
384.75 286.75
387.12 287.62
389.50 288.50
392.00 289.00
394.50 289.50
397.00 290.00
399.50 290.50
401.62 291.38
403.75 292.25
405.88 293.12
408.00 294.00
410.12 294.62
412.25 295.25
414.38 295.88
416.50 296.50
419.00 297.62
421.50 298.75
424.00 299.88
426.50 301.00
428.38 301.62
430.25 302.25
432.12 302.88
434.00 303.50
436.00 304.50
438.00 305.50
440.00 306.50
442.00 307.50
445.12 309.38
448.25 311.25
451.38 313.12
454.50 315.00
456.00 315.62
457.50 316.25
459.00 316.88
460.50 317.50
462.00 318.25
463.50 319.00
465.00 319.75
466.50 320.50
467.88 321.38
469.25 322.25
470.62 323.12
472.00 324.00
473.00 324.00
474.00 324.00
475.00 324.00
476.00 324.00
476.50 324.12
477.00 324.25
477.50 324.38
478.00 324.50
478.25 324.62
478.50 324.75
478.75 324.88
479.00 325.00
479.25 324.88
479.50 324.75
479.75 324.62
480.00 324.50
480.00 324.12
480.00 323.75
480.00 323.38
480.00 323.00
480.12 323.25
480.25 323.50
480.38 323.75
480.50 324.00
480.25 323.62
480.00 323.25
479.75 322.88
479.50 322.50
479.62 322.25
479.75 322.00
479.88 321.75
480.00 321.50
479.88 321.62
479.75 321.75
479.62 321.88
479.50 322.00
479.25 322.00
479.00 322.00
478.75 322.00
478.50 322.00
478.38 322.12
478.25 322.25
478.12 322.38
478.00 322.50
478.25 322.50
478.50 322.50
478.75 322.50
479.00 322.50
478.88 322.62
478.75 322.75
478.62 322.88
478.50 323.00
478.00 322.75
477.50 322.50
477.00 322.25
476.50 322.00
476.38 322.25
476.25 322.50
476.12 322.75
476.00 323.00
476.12 323.38
476.25 323.75
476.38 324.12
476.50 324.50
475.00 328.00
473.50 331.50
472.00 335.00
470.50 338.50
470.62 340.00
470.75 341.50
470.88 343.00
471.00 344.50
470.88 344.88
470.75 345.25
470.62 345.62
470.50 346.00
470.38 346.50
470.25 347.00
470.12 347.50
470.00 348.00
469.62 348.12
469.25 348.25
468.88 348.38
468.50 348.50
468.38 348.75
468.25 349.00
468.12 349.25
468.00 349.50
468.00 349.88
468.00 350.25
468.00 350.62
468.00 351.00
468.75 353.38
469.50 355.75
470.25 358.12
471.00 360.50
470.88 360.38
470.75 360.25
470.62 360.12
470.50 360.00
470.38 359.88
470.25 359.75
470.12 359.62
470.00 359.50
469.75 359.50
469.50 359.50
469.25 359.50
469.00 359.50
468.62 359.25
468.25 359.00
467.88 358.75
467.50 358.50
466.75 358.25
466.00 358.00
465.25 357.75
464.50 357.50
463.75 357.25
463.00 357.00
462.25 356.75
461.50 356.50
460.25 355.75
459.00 355.00
457.75 354.25
456.50 353.50
455.50 352.62
454.50 351.75
453.50 350.88
452.50 350.00
450.88 349.38
449.25 348.75
447.62 348.12
446.00 347.50
444.62 347.00
443.25 346.50
441.88 346.00
440.50 345.50
439.25 345.25
438.00 345.00
436.75 344.75
435.50 344.50
433.88 343.88
432.25 343.25
430.62 342.62
429.00 342.00
427.38 341.38
425.75 340.75
424.12 340.12
422.50 339.50
420.38 338.75
418.25 338.00
416.12 337.25
414.00 336.50
412.25 335.75
410.50 335.00
408.75 334.25
407.00 333.50
404.88 332.62
402.75 331.75
400.62 330.88
398.50 330.00
396.88 329.12
395.25 328.25
393.62 327.38
392.00 326.50
390.50 325.88
389.00 325.25
387.50 324.62
386.00 324.00
384.25 323.38
382.50 322.75
380.75 322.12
379.00 321.50
377.62 321.25
376.25 321.00
374.88 320.75
373.50 320.50
372.00 320.38
370.50 320.25
369.00 320.12
367.50 320.00
366.50 319.88
365.50 319.75
364.50 319.62
363.50 319.50
362.38 319.12
361.25 318.75
360.12 318.38
359.00 318.00
357.50 318.00
356.00 318.00
354.50 318.00
353.00 318.00
351.88 317.75
350.75 317.50
349.62 317.25
348.50 317.00
347.12 316.75
345.75 316.50
344.38 316.25
343.00 316.00
341.88 315.62
340.75 315.25
339.62 314.88
338.50 314.50
337.62 314.12
336.75 313.75
335.88 313.38
335.00 313.00
334.38 313.00
333.75 313.00
333.12 313.00
332.50 313.00
331.62 312.50
330.75 312.00
329.88 311.50
329.00 311.00
328.50 310.88
328.00 310.75
327.50 310.62
327.00 310.50
326.62 310.12
326.25 309.75
325.88 309.38
325.50 309.00
325.00 309.12
324.50 309.25
324.00 309.38
323.50 309.50
322.88 309.25
322.25 309.00
321.62 308.75
321.00 308.50
320.88 308.50
320.75 308.50
320.62 308.50
320.50 308.50
320.50 308.75
320.50 309.00
320.50 309.25
320.50 309.50
320.12 309.25
319.75 309.00
319.38 308.75
319.00 308.50
319.00 308.38
319.00 308.25
319.00 308.12
319.00 308.00
319.00 308.25
319.00 308.50
319.00 308.75
319.00 309.00
319.00 309.12
319.00 309.25
319.00 309.38
319.00 309.50
319.00 309.38
319.00 309.25
319.00 309.12
319.00 309.00
319.12 309.12
319.25 309.25
319.38 309.38
319.50 309.50
319.62 309.38
319.75 309.25
319.88 309.12
320.00 309.00
320.12 308.88
320.25 308.75
320.38 308.62
320.50 308.50
320.50 308.38
320.50 308.25
320.50 308.12
320.50 308.00
320.88 307.88
321.25 307.75
321.62 307.62
322.00 307.50
321.75 307.25
321.50 307.00
321.25 306.75
321.00 306.50
321.12 306.12
321.25 305.75
321.38 305.38
321.50 305.00
321.50 304.62
321.50 304.25
321.50 303.88
321.50 303.50
321.50 303.12
321.50 302.75
321.50 302.38
321.50 302.00
321.50 301.62
321.50 301.25
321.50 300.88
321.50 300.50
319.75 300.50
318.00 300.50
316.25 300.50
314.50 300.50
314.25 300.12
314.00 299.75
313.75 299.38
313.50 299.00
313.50 298.75
313.50 298.50
313.50 298.25
313.50 298.00
313.38 297.12
313.25 296.25
313.12 295.38
313.00 294.50
313.25 295.00
313.50 295.50
313.75 296.00
314.00 296.50
314.00 296.38
314.00 296.25
314.00 296.12
314.00 296.00
313.88 296.38
313.75 296.75
313.62 297.12
313.50 297.50
315.00 301.62
316.50 305.75
318.00 309.88
319.50 314.00
319.62 316.50
319.75 319.00
319.88 321.50
320.00 324.00
320.00 324.00
320.00 324.00
320.00 324.00
320.00 324.00
320.00 324.50
320.00 325.00
320.00 325.50
320.00 326.00
320.12 326.25
320.25 326.50
320.38 326.75
320.50 327.00
320.50 327.12
320.50 327.25
320.50 327.38
320.50 327.50
320.75 327.75
321.00 328.00
321.25 328.25
321.50 328.50
321.62 328.88
321.75 329.25
321.88 329.62
322.00 330.00
322.25 332.38
322.50 334.75
322.75 337.12
323.00 339.50
323.25 340.12
323.50 340.75
323.75 341.38
324.00 342.00
324.12 342.00
324.25 342.00
324.38 342.00
324.50 342.00
324.62 341.88
324.75 341.75
324.88 341.62
325.00 341.50
325.12 341.75
325.25 342.00
325.38 342.25
325.50 342.50
325.62 342.38
325.75 342.25
325.88 342.12
326.00 342.00
326.00 341.88
326.00 341.75
326.00 341.62
326.00 341.50
326.25 341.62
326.50 341.75
326.75 341.88
327.00 342.00
327.38 342.00
327.75 342.00
328.12 342.00
328.50 342.00
329.00 342.38
329.50 342.75
330.00 343.12
330.50 343.50
331.00 343.50
331.50 343.50
332.00 343.50
332.50 343.50
333.12 343.12
333.75 342.75
334.38 342.38
335.00 342.00
336.00 342.62
337.00 343.25
338.00 343.88
339.00 344.50
340.50 345.25
342.00 346.00
343.50 346.75
345.00 347.50
346.38 347.88
347.75 348.25
349.12 348.62
350.50 349.00
351.88 349.62
353.25 350.25
354.62 350.88
356.00 351.50
357.62 352.00
359.25 352.50
360.88 353.00
362.50 353.50
364.38 354.12
366.25 354.75
368.12 355.38
370.00 356.00
372.88 356.88
375.75 357.75
378.62 358.62
381.50 359.50
383.12 360.00
384.75 360.50
386.38 361.00
388.00 361.50
389.50 362.00
391.00 362.50
392.50 363.00
394.00 363.50
394.62 365.75
395.25 368.00
395.88 370.25
396.50 372.50
398.12 373.25
399.75 374.00
401.38 374.75
403.00 375.50
404.50 376.12
406.00 376.75
407.50 377.38
409.00 378.00
410.25 378.62
411.50 379.25
412.75 379.88
414.00 380.50
415.38 380.62
416.75 380.75
418.12 380.88
419.50 381.00
421.00 381.50
422.50 382.00
424.00 382.50
425.50 383.00
427.88 383.38
430.25 383.75
432.62 384.12
435.00 384.50
436.00 384.50
437.00 384.50
438.00 384.50
439.00 384.50
440.00 384.62
441.00 384.75
442.00 384.88
443.00 385.00
443.62 385.25
444.25 385.50
444.88 385.75
445.50 386.00
446.12 386.12
446.75 386.25
447.38 386.38
448.00 386.50
448.75 386.50
449.50 386.50
450.25 386.50
451.00 386.50
451.50 386.88
452.00 387.25
452.50 387.62
453.00 388.00
454.75 388.12
456.50 388.25
458.25 388.38
460.00 388.50
460.50 388.50
461.00 388.50
461.50 388.50
462.00 388.50
462.38 388.75
462.75 389.00
463.12 389.25
463.50 389.50
463.50 389.75
463.50 390.00
463.50 390.25
463.50 390.50
463.50 390.50
463.50 390.50
463.50 390.50
463.50 390.50
463.38 390.12
463.25 389.75
463.12 389.38
463.00 389.00
462.75 389.12
462.50 389.25
462.25 389.38
462.00 389.50
462.12 389.12
462.25 388.75
462.38 388.38
462.50 388.00
462.25 388.00
462.00 388.00
461.75 388.00
461.50 388.00
460.88 387.88
460.25 387.75
459.62 387.62
459.00 387.50
458.88 387.25
458.75 387.00
458.62 386.75
458.50 386.50
458.50 386.12
458.50 385.75
458.50 385.38
458.50 385.00
458.50 385.12
458.50 385.25
458.50 385.38
458.50 385.50
458.38 385.12
458.25 384.75
458.12 384.38
458.00 384.00
458.12 383.75
458.25 383.50
458.38 383.25
458.50 383.00
458.50 382.88
458.50 382.75
458.50 382.62
458.50 382.50
458.88 381.88
459.25 381.25
459.62 380.62
460.00 380.00
460.38 379.75
460.75 379.50
461.12 379.25
461.50 379.00
461.88 378.75
462.25 378.50
462.62 378.25
463.00 378.00
463.25 377.38
463.50 376.75
463.75 376.12
464.00 375.50
464.25 374.75
464.50 374.00
464.75 373.25
465.00 372.50
465.38 371.75
465.75 371.00
466.12 370.25
466.50 369.50
466.75 368.75
467.00 368.00
467.25 367.25
467.50 366.50
467.88 365.25
468.25 364.00
468.62 362.75
469.00 361.50
469.12 359.88
469.25 358.25
469.38 356.62
469.50 355.00
469.75 354.38
470.00 353.75
470.25 353.12
470.50 352.50
470.50 352.00
470.50 351.50
470.50 351.00
470.50 350.50
470.25 350.12
470.00 349.75
469.75 349.38
469.50 349.00
469.38 348.75
469.25 348.50
469.12 348.25
469.00 348.00
468.50 347.62
468.00 347.25
467.50 346.88
467.00 346.50
466.50 346.12
466.00 345.75
465.50 345.38
465.00 345.00
464.12 344.62
463.25 344.25
462.38 343.88
461.50 343.50
459.12 343.50
456.75 343.50
454.38 343.50
452.00 343.50
450.00 343.62
448.00 343.75
446.00 343.88
444.00 344.00
443.38 343.50
442.75 343.00
442.12 342.50
441.50 342.00
440.12 341.75
438.75 341.50
437.38 341.25
436.00 341.00
434.62 340.12
433.25 339.25
431.88 338.38
430.50 337.50
428.75 336.88
427.00 336.25
425.25 335.62
423.50 335.00
422.00 334.62
420.50 334.25
419.00 333.88
417.50 333.50
415.38 332.88
413.25 332.25
411.12 331.62
409.00 331.00
407.50 330.88
406.00 330.75
404.50 330.62
403.00 330.50
401.50 330.12
400.00 329.75
398.50 329.38
397.00 329.00
395.38 328.75
393.75 328.50
392.12 328.25
390.50 328.00
388.62 327.50
386.75 327.00
384.88 326.50
383.00 326.00
381.12 325.38
379.25 324.75
377.38 324.12
375.50 323.50
373.12 322.88
370.75 322.25
368.38 321.62
366.00 321.00
364.50 320.62
363.00 320.25
361.50 319.88
360.00 319.50
358.38 318.88
356.75 318.25
355.12 317.62
353.50 317.00
352.25 316.50
351.00 316.00
349.75 315.50
348.50 315.00
347.25 314.62
346.00 314.25
344.75 313.88
343.50 313.50
342.12 312.88
340.75 312.25
339.38 311.62
338.00 311.00
336.88 311.00
335.75 311.00
334.62 311.00
333.50 311.00
332.75 310.50
332.00 310.00
331.25 309.50
330.50 309.00
329.25 309.00
328.00 309.00
326.75 309.00
325.50 309.00
324.62 308.12
323.75 307.25
322.88 306.38
322.00 305.50
321.12 305.38
320.25 305.25
319.38 305.12
318.50 305.00
317.50 304.38
316.50 303.75
315.50 303.12
314.50 302.50
313.50 302.50
312.50 302.50
311.50 302.50
310.50 302.50
309.50 302.50
308.50 302.50
307.50 302.50
306.50 302.50
306.00 302.50
305.50 302.50
305.00 302.50
304.50 302.50
304.00 302.25
303.50 302.00
303.00 301.75
302.50 301.50
302.38 301.75
302.25 302.00
302.12 302.25
302.00 302.50
301.88 302.88
301.75 303.25
301.62 303.62
301.50 304.00
301.50 303.62
301.50 303.25
301.50 302.88
301.50 302.50
301.38 302.38
301.25 302.25
301.12 302.12
301.00 302.00
300.88 301.75
300.75 301.50
300.62 301.25
300.50 301.00
300.75 301.25
301.00 301.50
301.25 301.75
301.50 302.00
301.50 302.12
301.50 302.25
301.50 302.38
301.50 302.50
301.62 302.50
301.75 302.50
301.88 302.50
302.00 302.50
302.38 302.38
302.75 302.25
303.12 302.12
303.50 302.00
303.88 301.38
304.25 300.75
304.62 300.12
305.00 299.50
305.50 299.00
306.00 298.50
306.50 298.00
307.00 297.50
307.25 297.00
307.50 296.50
307.75 296.00
308.00 295.50
308.25 294.88
308.50 294.25
308.75 293.62
309.00 293.00
309.12 292.00
309.25 291.00
309.38 290.00
309.50 289.00
309.62 288.00
309.75 287.00
309.88 286.00
310.00 285.00
310.50 284.00
311.00 283.00
311.50 282.00
312.00 281.00
310.75 278.75
309.50 276.50
308.25 274.25
307.00 272.00
307.38 270.88
307.75 269.75
308.12 268.62
308.50 267.50
308.50 265.88
308.50 264.25
308.50 262.62
308.50 261.00
308.88 260.00
309.25 259.00
309.62 258.00
310.00 257.00
310.12 255.75
310.25 254.50
310.38 253.25
310.50 252.00
310.75 251.62
311.00 251.25
311.25 250.88
311.50 250.50
311.50 250.38
311.50 250.25
311.50 250.12
311.50 250.00
311.88 249.75
312.25 249.50
312.62 249.25
313.00 249.00
313.38 248.62
313.75 248.25
314.12 247.88
314.50 247.50
314.50 247.62
314.50 247.75
314.50 247.88
314.50 248.00
313.62 248.12
312.75 248.25
311.88 248.38
311.00 248.50
311.50 248.62
312.00 248.75
312.50 248.88
313.00 249.00
313.75 249.00
314.50 249.00
315.25 249.00
316.00 249.00
316.88 249.00
317.75 249.00
318.62 249.00
319.50 249.00
320.88 249.50
322.25 250.00
323.62 250.50
325.00 251.00
326.38 251.62
327.75 252.25
329.12 252.88
330.50 253.50
332.38 253.88
334.25 254.25
336.12 254.62
338.00 255.00
339.62 255.25
341.25 255.50
342.88 255.75
344.50 256.00
346.25 256.75
348.00 257.50
349.75 258.25
351.50 259.00
353.62 259.88
355.75 260.75
357.88 261.62
360.00 262.50
361.62 263.25
363.25 264.00
364.88 264.75
366.50 265.50
368.12 266.12
369.75 266.75
371.38 267.38
373.00 268.00
375.38 269.12
377.75 270.25
380.12 271.38
382.50 272.50
384.50 273.50
386.50 274.50
388.50 275.50
390.50 276.50
394.75 280.38
399.00 284.25
403.25 288.12
407.50 292.00
409.38 293.25
411.25 294.50
413.12 295.75
415.00 297.00
416.75 298.00
418.50 299.00
420.25 300.00
422.00 301.00
423.88 301.62
425.75 302.25
427.62 302.88
429.50 303.50
431.38 304.12
433.25 304.75
435.12 305.38
437.00 306.00
438.62 307.00
440.25 308.00
441.88 309.00
443.50 310.00
444.88 310.38
446.25 310.75
447.62 311.12
449.00 311.50
450.38 312.50
451.75 313.50
453.12 314.50
454.50 315.50
456.12 316.25
457.75 317.00
459.38 317.75
461.00 318.50
462.12 319.25
463.25 320.00
464.38 320.75
465.50 321.50
466.12 321.88
466.75 322.25
467.38 322.62
468.00 323.00
468.75 323.25
469.50 323.50
470.25 323.75
471.00 324.00
471.38 324.25
471.75 324.50
472.12 324.75
472.50 325.00
473.00 325.38
473.50 325.75
474.00 326.12
474.50 326.50
475.00 326.75
475.50 327.00
476.00 327.25
476.50 327.50
476.12 327.50
475.75 327.50
475.38 327.50
475.00 327.50
474.88 327.38
474.75 327.25
474.62 327.12
474.50 327.00
474.62 327.12
474.75 327.25
474.88 327.38
475.00 327.50
474.88 327.25
474.75 327.00
474.62 326.75
474.50 326.50
474.38 326.50
474.25 326.50
474.12 326.50
474.00 326.50
473.88 326.25
473.75 326.00
473.62 325.75
473.50 325.50
473.25 325.12
473.00 324.75
472.75 324.38
472.50 324.00
472.50 323.50
472.50 323.00
472.50 322.50
472.50 322.00
472.38 321.38
472.25 320.75
472.12 320.12
472.00 319.50
472.12 318.75
472.25 318.00
472.38 317.25
472.50 316.50
472.25 314.00
472.00 311.50
471.75 309.00
471.50 306.50
471.50 305.12
471.50 303.75
471.50 302.38
471.50 301.00
471.62 300.25
471.75 299.50
471.88 298.75
472.00 298.00
471.75 296.62
471.50 295.25
471.25 293.88
471.00 292.50
470.75 291.50
470.50 290.50
470.25 289.50
470.00 288.50
469.75 287.62
469.50 286.75
469.25 285.88
469.00 285.00
468.75 283.75
468.50 282.50
468.25 281.25
468.00 280.00
468.88 278.25
469.75 276.50
470.62 274.75
471.50 273.00
471.38 272.12
471.25 271.25
471.12 270.38
471.00 269.50
470.75 268.50
470.50 267.50
470.25 266.50
470.00 265.50
470.00 265.75
470.00 266.00
470.00 266.25
470.00 266.50
469.88 266.00
469.75 265.50
469.62 265.00
469.50 264.50
469.25 264.25
469.00 264.00
468.75 263.75
468.50 263.50
468.25 263.50
468.00 263.50
467.75 263.50
467.50 263.50
467.25 263.38
467.00 263.25
466.75 263.12
466.50 263.00
466.25 263.25
466.00 263.50
465.75 263.75
465.50 264.00
465.00 263.50
464.50 263.00
464.00 262.50
463.50 262.00
462.25 261.62
461.00 261.25
459.75 260.88
458.50 260.50
457.38 260.25
456.25 260.00
455.12 259.75
454.00 259.50
452.50 258.62
451.00 257.75
449.50 256.88
448.00 256.00
446.50 255.25
445.00 254.50
443.50 253.75
442.00 253.00
440.38 252.38
438.75 251.75
437.12 251.12
435.50 250.50
433.88 250.12
432.25 249.75
430.62 249.38
429.00 249.00
427.50 248.38
426.00 247.75
424.50 247.12
423.00 246.50
421.12 246.00
419.25 245.50
417.38 245.00
415.50 244.50
413.50 243.88
411.50 243.25
409.50 242.62
407.50 242.00
405.62 241.50
403.75 241.00
401.88 240.50
400.00 240.00
398.38 239.12
396.75 238.25
395.12 237.38
393.50 236.50
392.12 236.12
390.75 235.75
389.38 235.38
388.00 235.00
386.62 234.38
385.25 233.75
383.88 233.12
382.50 232.50
381.38 232.50
380.25 232.50
379.12 232.50
378.00 232.50
376.25 232.75
374.50 233.00
372.75 233.25
371.00 233.50
369.88 233.38
368.75 233.25
367.62 233.12
366.50 233.00
365.00 232.75
363.50 232.50
362.00 232.25
360.50 232.00
359.00 231.38
357.50 230.75
356.00 230.12
354.50 229.50
352.38 229.12
350.25 228.75
348.12 228.38
346.00 228.00
344.62 227.62
343.25 227.25
341.88 226.88
340.50 226.50
339.62 226.38
338.75 226.25
337.88 226.12
337.00 226.00
335.88 225.75
334.75 225.50
333.62 225.25
332.50 225.00
331.88 224.88
331.25 224.75
330.62 224.62
330.00 224.50
328.88 224.38
327.75 224.25
326.62 224.12
325.50 224.00
324.62 223.88
323.75 223.75
322.88 223.62
322.00 223.50
321.12 223.38
320.25 223.25
319.38 223.12
318.50 223.00
317.62 223.00
316.75 223.00
315.88 223.00
315.00 223.00
314.50 223.00
314.00 223.00
313.50 223.00
313.00 223.00
312.62 223.12
312.25 223.25
311.88 223.38
311.50 223.50
311.38 223.50
311.25 223.50
311.12 223.50
311.00 223.50
311.12 223.62
311.25 223.75
311.38 223.88
311.50 224.00
311.62 223.88
311.75 223.75
311.88 223.62
312.00 223.50
312.12 223.62
312.25 223.75
312.38 223.88
312.50 224.00
312.62 224.12
312.75 224.25
312.88 224.38
313.00 224.50
313.00 224.12
313.00 223.75
313.00 223.38
313.00 223.00
313.12 222.62
313.25 222.25
313.38 221.88
313.50 221.50
313.67 221.00
313.83 220.50
314.00 220.00
