412.05 241.35
408.65 233.26
411.43 231.87
412.56 232.29
414.54 234.19
417.00 236.00
418.00 236.20
419.00 236.40
420.00 236.60
421.00 236.80
422.00 237.00
422.20 237.20
422.40 237.40
422.60 237.60
422.80 237.80
423.00 238.00
423.00 237.80
423.00 237.60
423.00 237.40
423.00 237.20
423.00 237.00
423.00 237.20
423.00 237.40
423.00 237.60
423.00 237.80
423.00 238.00
423.20 237.80
423.40 237.60
423.60 237.40
423.80 237.20
424.00 237.00
424.00 237.00
424.00 237.00
424.00 237.00
424.00 237.00
424.00 237.00
424.20 237.20
424.40 237.40
424.60 237.60
424.80 237.80
425.00 238.00
425.20 238.00
425.40 238.00
425.60 238.00
425.80 238.00
426.00 238.00
425.80 238.20
425.60 238.40
425.40 238.60
425.20 238.80
425.00 239.00
425.20 238.80
425.40 238.60
425.60 238.40
425.80 238.20
426.00 238.00
426.20 237.80
426.40 237.60
426.60 237.40
426.80 237.20
427.00 237.00
427.00 236.60
427.00 236.20
427.00 235.80
427.00 235.40
427.00 235.00
427.40 234.80
427.80 234.60
428.20 234.40
428.60 234.20
429.00 234.00
428.60 233.00
428.20 232.00
427.80 231.00
427.40 230.00
427.00 229.00
426.40 226.80
425.80 224.60
425.20 222.40
424.60 220.20
424.00 218.00
424.20 217.20
424.40 216.40
424.60 215.60
424.80 214.80
425.00 214.00
424.80 213.00
424.60 212.00
424.40 211.00
424.20 210.00
424.00 209.00
424.00 207.40
424.00 205.80
424.00 204.20
424.00 202.60
424.00 201.00
423.80 199.80
423.60 198.60
423.40 197.40
423.20 196.20
423.00 195.00
423.00 194.20
423.00 193.40
423.00 192.60
423.00 191.80
423.00 191.00
422.80 190.20
422.60 189.40
422.40 188.60
422.20 187.80
422.00 187.00
420.80 184.60
419.60 182.20
418.40 179.80
417.20 177.40
416.00 175.00
415.60 174.20
415.20 173.40
414.80 172.60
414.40 171.80
414.00 171.00
413.80 170.60
413.60 170.20
413.40 169.80
413.20 169.40
413.00 169.00
412.80 168.80
412.60 168.60
412.40 168.40
412.20 168.20
412.00 168.00
412.00 167.80
412.00 167.60
412.00 167.40
412.00 167.20
412.00 167.00
411.80 167.20
411.60 167.40
411.40 167.60
411.20 167.80
411.00 168.00
410.80 167.80
410.60 167.60
410.40 167.40
410.20 167.20
410.00 167.00
409.20 167.40
408.40 167.80
407.60 168.20
406.80 168.60
406.00 169.00
405.40 168.80
404.80 168.60
404.20 168.40
403.60 168.20
403.00 168.00
399.00 168.80
395.00 169.60
391.00 170.40
387.00 171.20
383.00 172.00
381.40 172.00
379.80 172.00
378.20 172.00
376.60 172.00
375.00 172.00
373.40 172.00
371.80 172.00
370.20 172.00
368.60 172.00
367.00 172.00
365.20 172.20
363.40 172.40
361.60 172.60
359.80 172.80
358.00 173.00
357.00 173.20
356.00 173.40
355.00 173.60
354.00 173.80
353.00 174.00
351.40 174.00
349.80 174.00
348.20 174.00
346.60 174.00
345.00 174.00
343.80 174.20
342.60 174.40
341.40 174.60
340.20 174.80
339.00 175.00
337.20 175.20
335.40 175.40
333.60 175.60
331.80 175.80
330.00 176.00
328.80 176.20
327.60 176.40
326.40 176.60
325.20 176.80
324.00 177.00
323.40 177.20
322.80 177.40
322.20 177.60
321.60 177.80
321.00 178.00
320.20 178.00
319.40 178.00
318.60 178.00
317.80 178.00
317.00 178.00
316.60 177.80
316.20 177.60
315.80 177.40
315.40 177.20
315.00 177.00
314.80 177.00
314.60 177.00
314.40 177.00
314.20 177.00
314.00 177.00
314.20 177.00
314.40 177.00
314.60 177.00
314.80 177.00
315.00 177.00
315.20 177.00
315.40 177.00
315.60 177.00
315.80 177.00
316.00 177.00
316.20 177.20
316.40 177.40
316.60 177.60
316.80 177.80
317.00 178.00
317.20 178.00
317.40 178.00
317.60 178.00
317.80 178.00
318.00 178.00
317.80 178.60
317.60 179.20
317.40 179.80
317.20 180.40
317.00 181.00
317.40 181.20
317.80 181.40
318.20 181.60
318.60 181.80
319.00 182.00
319.40 182.40
319.80 182.80
320.20 183.20
320.60 183.60
321.00 184.00
321.20 184.40
321.40 184.80
321.60 185.20
321.80 185.60
322.00 186.00
323.00 187.60
324.00 189.20
325.00 190.80
326.00 192.40
327.00 194.00
327.00 194.80
327.00 195.60
327.00 196.40
327.00 197.20
327.00 198.00
327.80 198.60
328.60 199.20
329.40 199.80
330.20 200.40
331.00 201.00
330.80 201.40
330.60 201.80
330.40 202.20
330.20 202.60
330.00 203.00
329.40 203.00
328.80 203.00
328.20 203.00
327.60 203.00
327.00 203.00
327.80 202.80
328.60 202.60
329.40 202.40
330.20 202.20
331.00 202.00
331.60 201.80
332.20 201.60
332.80 201.40
333.40 201.20
334.00 201.00
335.20 200.60
336.40 200.20
337.60 199.80
338.80 199.40
340.00 199.00
340.00 198.80
340.00 198.60
340.00 198.40
340.00 198.20
340.00 198.00
341.60 197.40
343.20 196.80
344.80 196.20
346.40 195.60
348.00 195.00
349.60 194.80
351.20 194.60
352.80 194.40
354.40 194.20
356.00 194.00
358.00 193.80
360.00 193.60
362.00 193.40
364.00 193.20
366.00 193.00
367.60 193.00
369.20 193.00
370.80 193.00
372.40 193.00
374.00 193.00
376.00 192.80
378.00 192.60
380.00 192.40
382.00 192.20
384.00 192.00
386.20 192.40
388.40 192.80
390.60 193.20
392.80 193.60
395.00 194.00
398.20 194.60
401.40 195.20
404.60 195.80
407.80 196.40
411.00 197.00
414.20 198.20
417.40 199.40
420.60 200.60
423.80 201.80
427.00 203.00
429.60 203.40
432.20 203.80
434.80 204.20
437.40 204.60
440.00 205.00
442.40 205.80
444.80 206.60
447.20 207.40
449.60 208.20
452.00 209.00
454.20 209.60
456.40 210.20
458.60 210.80
460.80 211.40
463.00 212.00
466.60 213.60
470.20 215.20
473.80 216.80
477.40 218.40
481.00 220.00
482.80 220.40
484.60 220.80
486.40 221.20
488.20 221.60
490.00 222.00
491.40 222.80
492.80 223.60
494.20 224.40
495.60 225.20
497.00 226.00
498.60 226.60
500.20 227.20
501.80 227.80
503.40 228.40
505.00 229.00
506.00 229.40
507.00 229.80
508.00 230.20
509.00 230.60
510.00 231.00
511.20 231.40
512.40 231.80
513.60 232.20
514.80 232.60
516.00 233.00
516.60 232.60
517.20 232.20
517.80 231.80
518.40 231.40
519.00 231.00
519.60 231.20
520.20 231.40
520.80 231.60
521.40 231.80
522.00 232.00
522.40 232.00
522.80 232.00
523.20 232.00
523.60 232.00
524.00 232.00
524.00 232.20
524.00 232.40
524.00 232.60
524.00 232.80
524.00 233.00
524.20 233.20
524.40 233.40
524.60 233.60
524.80 233.80
525.00 234.00
525.20 234.20
525.40 234.40
525.60 234.60
525.80 234.80
526.00 235.00
526.80 237.20
527.60 239.40
528.40 241.60
529.20 243.80
530.00 246.00
530.40 247.00
530.80 248.00
531.20 249.00
531.60 250.00
532.00 251.00
532.20 250.80
532.40 250.60
532.60 250.40
532.80 250.20
533.00 250.00
533.20 250.40
533.40 250.80
533.60 251.20
533.80 251.60
534.00 252.00
534.40 252.20
534.80 252.40
535.20 252.60
535.60 252.80
536.00 253.00
536.00 253.40
536.00 253.80
536.00 254.20
536.00 254.60
536.00 255.00
536.20 255.40
536.40 255.80
536.60 256.20
536.80 256.60
537.00 257.00
537.40 257.60
537.80 258.20
538.20 258.80
538.60 259.40
539.00 260.00
539.00 261.60
539.00 263.20
539.00 264.80
539.00 266.40
539.00 268.00
539.20 268.20
539.40 268.40
539.60 268.60
539.80 268.80
540.00 269.00
539.80 269.40
539.60 269.80
539.40 270.20
539.20 270.60
539.00 271.00
539.00 271.20
539.00 271.40
539.00 271.60
539.00 271.80
539.00 272.00
539.00 272.00
539.00 272.00
539.00 272.00
539.00 272.00
539.00 272.00
538.80 272.20
538.60 272.40
538.40 272.60
538.20 272.80
538.00 273.00
538.00 273.00
538.00 273.00
538.00 273.00
538.00 273.00
538.00 273.00
537.80 272.80
537.60 272.60
537.40 272.40
537.20 272.20
537.00 272.00
536.40 271.80
535.80 271.60
535.20 271.40
534.60 271.20
534.00 271.00
533.20 270.40
532.40 269.80
531.60 269.20
530.80 268.60
530.00 268.00
529.20 267.20
528.40 266.40
527.60 265.60
526.80 264.80
526.00 264.00
524.60 263.20
523.20 262.40
521.80 261.60
520.40 260.80
519.00 260.00
517.40 259.40
515.80 258.80
514.20 258.20
512.60 257.60
511.00 257.00
509.00 256.20
507.00 255.40
505.00 254.60
503.00 253.80
501.00 253.00
498.20 252.20
495.40 251.40
492.60 250.60
489.80 249.80
487.00 249.00
481.40 247.40
475.80 245.80
470.20 244.20
464.60 242.60
459.00 241.00
456.20 240.20
453.40 239.40
450.60 238.60
447.80 237.80
445.00 237.00
442.60 236.20
440.20 235.40
437.80 234.60
435.40 233.80
433.00 233.00
430.00 232.40
427.00 231.80
424.00 231.20
421.00 230.60
418.00 230.00
415.80 229.60
413.60 229.20
411.40 228.80
409.20 228.40
407.00 228.00
404.80 227.80
402.60 227.60
400.40 227.40
398.20 227.20
396.00 227.00
394.20 226.80
392.40 226.60
390.60 226.40
388.80 226.20
387.00 226.00
385.20 225.80
383.40 225.60
381.60 225.40
379.80 225.20
378.00 225.00
376.40 224.80
374.80 224.60
373.20 224.40
371.60 224.20
370.00 224.00
368.20 223.80
366.40 223.60
364.60 223.40
362.80 223.20
361.00 223.00
360.00 223.20
359.00 223.40
358.00 223.60
357.00 223.80
356.00 224.00
354.60 224.00
353.20 224.00
351.80 224.00
350.40 224.00
349.00 224.00
348.00 224.00
347.00 224.00
346.00 224.00
345.00 224.00
344.00 224.00
342.80 224.20
341.60 224.40
340.40 224.60
339.20 224.80
338.00 225.00
337.00 225.00
336.00 225.00
335.00 225.00
334.00 225.00
333.00 225.00
331.80 225.00
330.60 225.00
329.40 225.00
328.20 225.00
327.00 225.00
326.40 225.00
325.80 225.00
325.20 225.00
324.60 225.00
324.00 225.00
323.00 225.20
322.00 225.40
321.00 225.60
320.00 225.80
319.00 226.00
318.40 226.00
317.80 226.00
317.20 226.00
316.60 226.00
316.00 226.00
315.80 226.40
315.60 226.80
315.40 227.20
315.20 227.60
315.00 228.00
315.00 228.20
315.00 228.40
315.00 228.60
315.00 228.80
315.00 229.00
314.80 228.80
314.60 228.60
314.40 228.40
314.20 228.20
314.00 228.00
314.20 228.20
314.40 228.40
314.60 228.60
314.80 228.80
315.00 229.00
315.00 229.00
315.00 229.00
315.00 229.00
315.00 229.00
315.00 229.00
315.00 229.00
315.00 229.00
315.00 229.00
315.00 229.00
315.00 229.00
315.20 229.20
315.40 229.40
315.60 229.60
315.80 229.80
316.00 230.00
316.20 230.40
316.40 230.80
316.60 231.20
316.80 231.60
317.00 232.00
317.20 232.40
317.40 232.80
317.60 233.20
317.80 233.60
318.00 234.00
318.00 236.20
318.00 238.40
318.00 240.60
318.00 242.80
318.00 245.00
318.20 245.60
318.40 246.20
318.60 246.80
318.80 247.40
319.00 248.00
319.40 248.40
319.80 248.80
320.20 249.20
320.60 249.60
321.00 250.00
321.20 250.40
321.40 250.80
321.60 251.20
321.80 251.60
322.00 252.00
322.40 252.20
322.80 252.40
323.20 252.60
323.60 252.80
324.00 253.00
324.60 254.20
325.20 255.40
325.80 256.60
326.40 257.80
327.00 259.00
327.20 258.60
327.40 258.20
327.60 257.80
327.80 257.40
328.00 257.00
328.20 257.00
328.40 257.00
328.60 257.00
328.80 257.00
329.00 257.00
329.40 256.80
329.80 256.60
330.20 256.40
330.60 256.20
331.00 256.00
331.60 255.80
332.20 255.60
332.80 255.40
333.40 255.20
334.00 255.00
335.40 255.20
336.80 255.40
338.20 255.60
339.60 255.80
341.00 256.00
341.60 256.00
342.20 256.00
342.80 256.00
343.40 256.00
344.00 256.00
345.00 256.00
346.00 256.00
347.00 256.00
348.00 256.00
349.00 256.00
350.20 256.20
351.40 256.40
352.60 256.60
353.80 256.80
355.00 257.00
356.20 257.20
357.40 257.40
358.60 257.60
359.80 257.80
361.00 258.00
362.20 258.00
363.40 258.00
364.60 258.00
365.80 258.00
367.00 258.00
367.60 259.00
368.20 260.00
368.80 261.00
369.40 262.00
370.00 263.00
372.00 263.00
374.00 263.00
376.00 263.00
378.00 263.00
380.00 263.00
382.20 262.80
384.40 262.60
386.60 262.40
388.80 262.20
391.00 262.00
393.80 262.80
396.60 263.60
399.40 264.40
402.20 265.20
405.00 266.00
407.80 266.40
410.60 266.80
413.40 267.20
416.20 267.60
419.00 268.00
421.80 268.40
424.60 268.80
427.40 269.20
430.20 269.60
433.00 270.00
435.40 270.40
437.80 270.80
440.20 271.20
442.60 271.60
445.00 272.00
447.60 272.20
450.20 272.40
452.80 272.60
455.40 272.80
458.00 273.00
462.60 273.80
467.20 274.60
471.80 275.40
476.40 276.20
481.00 277.00
483.20 277.60
485.40 278.20
487.60 278.80
489.80 279.40
492.00 280.00
493.60 280.60
495.20 281.20
496.80 281.80
498.40 282.40
500.00 283.00
501.20 283.20
502.40 283.40
503.60 283.60
504.80 283.80
506.00 284.00
507.40 284.40
508.80 284.80
510.20 285.20
511.60 285.60
513.00 286.00
513.80 286.40
514.60 286.80
515.40 287.20
516.20 287.60
517.00 288.00
517.80 288.20
518.60 288.40
519.40 288.60
520.20 288.80
521.00 289.00
521.40 289.00
521.80 289.00
522.20 289.00
522.60 289.00
523.00 289.00
523.00 289.00
523.00 289.00
523.00 289.00
523.00 289.00
523.00 289.00
523.00 289.00
523.00 289.00
523.00 289.00
523.00 289.00
523.00 289.00
522.80 288.60
522.60 288.20
522.40 287.80
522.20 287.40
522.00 287.00
522.00 286.80
522.00 286.60
522.00 286.40
522.00 286.20
522.00 286.00
521.80 286.20
521.60 286.40
521.40 286.60
521.20 286.80
521.00 287.00
521.00 288.00
521.00 289.00
521.00 290.00
521.00 291.00
521.00 292.00
521.60 295.40
522.20 298.80
522.80 302.20
523.40 305.60
524.00 309.00
523.60 309.20
523.20 309.40
522.80 309.60
522.40 309.80
522.00 310.00
522.00 310.40
522.00 310.80
522.00 311.20
522.00 311.60
522.00 312.00
522.60 313.40
523.20 314.80
523.80 316.20
524.40 317.60
525.00 319.00
525.00 319.40
525.00 319.80
525.00 320.20
525.00 320.60
525.00 321.00
524.80 321.00
524.60 321.00
524.40 321.00
524.20 321.00
524.00 321.00
524.00 322.00
524.00 323.00
524.00 324.00
524.00 325.00
524.00 326.00
523.80 326.00
523.60 326.00
523.40 326.00
523.20 326.00
523.00 326.00
523.00 326.40
523.00 326.80
523.00 327.20
523.00 327.60
523.00 328.00
523.00 328.20
523.00 328.40
523.00 328.60
523.00 328.80
523.00 329.00
522.80 329.00
522.60 329.00
522.40 329.00
522.20 329.00
522.00 329.00
521.80 329.00
521.60 329.00
521.40 329.00
521.20 329.00
521.00 329.00
520.40 328.80
519.80 328.60
519.20 328.40
518.60 328.20
518.00 328.00
517.20 327.80
516.40 327.60
515.60 327.40
514.80 327.20
514.00 327.00
512.80 326.40
511.60 325.80
510.40 325.20
509.20 324.60
508.00 324.00
506.60 323.60
505.20 323.20
503.80 322.80
502.40 322.40
501.00 322.00
499.80 321.40
498.60 320.80
497.40 320.20
496.20 319.60
495.00 319.00
493.20 320.40
491.40 321.80
489.60 323.20
487.80 324.60
486.00 326.00
484.20 325.60
482.40 325.20
480.60 324.80
478.80 324.40
477.00 324.00
475.00 323.40
473.00 322.80
471.00 322.20
469.00 321.60
467.00 321.00
464.60 320.20
462.20 319.40
459.80 318.60
457.40 317.80
455.00 317.00
453.00 316.60
451.00 316.20
449.00 315.80
447.00 315.40
445.00 315.00
441.40 315.00
437.80 315.00
434.20 315.00
430.60 315.00
427.00 315.00
425.00 314.60
423.00 314.20
421.00 313.80
419.00 313.40
417.00 313.00
414.40 312.60
411.80 312.20
409.20 311.80
406.60 311.40
404.00 311.00
401.80 310.80
399.60 310.60
397.40 310.40
395.20 310.20
393.00 310.00
389.00 309.00
385.00 308.00
381.00 307.00
377.00 306.00
373.00 305.00
371.40 304.60
369.80 304.20
368.20 303.80
366.60 303.40
365.00 303.00
363.80 303.00
362.60 303.00
361.40 303.00
360.20 303.00
359.00 303.00
357.60 302.60
356.20 302.20
354.80 301.80
353.40 301.40
352.00 301.00
351.00 300.60
350.00 300.20
349.00 299.80
348.00 299.40
347.00 299.00
346.20 298.80
345.40 298.60
344.60 298.40
343.80 298.20
343.00 298.00
342.00 297.60
341.00 297.20
340.00 296.80
339.00 296.40
338.00 296.00
337.40 295.80
336.80 295.60
336.20 295.40
335.60 295.20
335.00 295.00
334.60 295.00
334.20 295.00
333.80 295.00
333.40 295.00
333.00 295.00
330.00 296.20
327.00 297.40
324.00 298.60
321.00 299.80
318.00 301.00
317.20 301.20
316.40 301.40
315.60 301.60
314.80 301.80
314.00 302.00
313.80 302.00
313.60 302.00
313.40 302.00
313.20 302.00
313.00 302.00
313.00 302.00
313.00 302.00
313.00 302.00
313.00 302.00
313.00 302.00
313.20 302.00
313.40 302.00
313.60 302.00
313.80 302.00
314.00 302.00
314.20 302.00
314.40 302.00
314.60 302.00
314.80 302.00
315.00 302.00
315.60 302.20
316.20 302.40
316.80 302.60
317.40 302.80
318.00 303.00
319.60 303.80
321.20 304.60
322.80 305.40
324.40 306.20
326.00 307.00
328.60 308.80
331.20 310.60
333.80 312.40
336.40 314.20
339.00 316.00
339.80 316.40
340.60 316.80
341.40 317.20
342.20 317.60
343.00 318.00
343.40 318.00
343.80 318.00
344.20 318.00
344.60 318.00
345.00 318.00
345.60 317.80
346.20 317.60
346.80 317.40
347.40 317.20
348.00 317.00
348.80 316.80
349.60 316.60
350.40 316.40
351.20 316.20
352.00 316.00
353.20 315.80
354.40 315.60
355.60 315.40
356.80 315.20
358.00 315.00
359.80 315.00
361.60 315.00
363.40 315.00
365.20 315.00
367.00 315.00
369.20 315.40
371.40 315.80
373.60 316.20
375.80 316.60
378.00 317.00
381.20 317.80
384.40 318.60
387.60 319.40
390.80 320.20
394.00 321.00
397.20 323.20
400.40 325.40
403.60 327.60
406.80 329.80
410.00 332.00
412.20 332.60
414.40 333.20
416.60 333.80
418.80 334.40
421.00 335.00
423.40 335.80
425.80 336.60
428.20 337.40
430.60 338.20
433.00 339.00
435.60 339.40
438.20 339.80
440.80 340.20
443.40 340.60
446.00 341.00
448.60 341.80
451.20 342.60
453.80 343.40
456.40 344.20
459.00 345.00
462.00 346.20
465.00 347.40
468.00 348.60
471.00 349.80
474.00 351.00
476.00 351.40
478.00 351.80
480.00 352.20
482.00 352.60
484.00 353.00
485.60 353.40
487.20 353.80
488.80 354.20
490.40 354.60
492.00 355.00
493.80 355.00
495.60 355.00
497.40 355.00
499.20 355.00
501.00 355.00
503.20 354.00
505.40 353.00
507.60 352.00
509.80 351.00
512.00 350.00
512.80 349.60
513.60 349.20
514.40 348.80
515.20 348.40
516.00 348.00
516.40 347.80
516.80 347.60
517.20 347.40
517.60 347.20
518.00 347.00
518.20 346.60
518.40 346.20
518.60 345.80
518.80 345.40
519.00 345.00
519.00 344.60
519.00 344.20
519.00 343.80
519.00 343.40
519.00 343.00
518.80 343.00
518.60 343.00
518.40 343.00
518.20 343.00
518.00 343.00
518.00 342.60
518.00 342.20
518.00 341.80
518.00 341.40
518.00 341.00
518.00 340.80
518.00 340.60
518.00 340.40
518.00 340.20
518.00 340.00
518.00 339.20
518.00 338.40
518.00 337.60
518.00 336.80
518.00 336.00
518.20 334.80
518.40 333.60
518.60 332.40
518.80 331.20
519.00 330.00
520.40 328.00
521.80 326.00
523.20 324.00
524.60 322.00
526.00 320.00
526.20 318.60
526.40 317.20
526.60 315.80
526.80 314.40
527.00 313.00
526.80 313.00
526.60 313.00
526.40 313.00
526.20 313.00
526.00 313.00
525.80 312.80
525.60 312.60
525.40 312.40
525.20 312.20
525.00 312.00
523.40 312.80
521.80 313.60
520.20 314.40
518.60 315.20
517.00 316.00
516.00 316.60
518.26 322.95
514.53 319.92
513.00 318.40
512.00 319.00
510.80 318.80
509.60 318.60
508.40 318.40
507.20 318.20
506.00 318.00
504.40 317.80
502.80 317.60
501.20 317.40
499.60 317.20
498.00 317.00
496.60 316.40
495.20 315.80
493.80 315.20
492.40 314.60
491.00 314.00
489.20 313.60
487.40 313.20
485.60 312.80
483.80 312.40
482.00 312.00
480.00 311.40
478.00 310.80
476.00 310.20
474.00 309.60
472.00 309.00
469.60 308.20
467.20 307.40
464.80 306.60
462.40 305.80
460.00 305.00
457.60 304.40
455.20 303.80
452.80 303.20
450.40 302.60
448.00 302.00
445.40 301.40
442.80 300.80
440.20 300.20
437.60 299.60
435.00 299.00
431.40 297.80
427.80 296.60
424.20 295.40
420.60 294.20
417.00 293.00
414.60 292.40
412.20 291.80
409.80 291.20
407.40 290.60
405.00 290.00
402.80 289.60
400.60 289.20
398.40 288.80
396.20 288.40
394.00 288.00
392.20 287.60
390.40 287.20
388.60 286.80
386.80 286.40
385.00 286.00
383.00 285.60
381.00 285.20
379.00 284.80
377.00 284.40
375.00 284.00
373.20 283.60
371.40 283.20
369.60 282.80
367.80 282.40
366.00 282.00
364.60 281.80
363.20 281.60
361.80 281.40
360.40 281.20
359.00 281.00
358.00 280.40
357.00 279.80
356.00 279.20
355.00 278.60
354.00 278.00
352.60 277.80
351.20 277.60
349.80 277.40
348.40 277.20
347.00 277.00
346.00 276.60
345.00 276.20
344.00 275.80
343.00 275.40
342.00 275.00
341.20 275.00
340.40 275.00
339.60 275.00
338.80 275.00
338.00 275.00
337.60 274.80
337.20 274.60
336.80 274.40
336.40 274.20
336.00 274.00
335.60 274.00
335.20 274.00
334.80 274.00
334.40 274.00
334.00 274.00
334.00 274.20
334.00 274.40
334.00 274.60
334.00 274.80
334.00 275.00
334.20 274.60
334.40 274.20
334.60 273.80
334.80 273.40
335.00 273.00
335.00 273.20
335.00 273.40
335.00 273.60
335.00 273.80
335.00 274.00
334.80 273.40
334.60 272.80
334.40 272.20
334.20 271.60
334.00 271.00
334.00 270.80
334.00 270.60
334.00 270.40
334.00 270.20
334.00 270.00
333.80 269.40
333.60 268.80
333.40 268.20
333.20 267.60
333.00 267.00
333.00 265.80
333.00 264.60
333.00 263.40
333.00 262.20
333.00 261.00
332.80 260.00
332.60 259.00
332.40 258.00
332.20 257.00
332.00 256.00
330.00 255.40
328.00 254.80
326.00 254.20
324.00 253.60
322.00 253.00
322.40 251.80
322.80 250.60
323.20 249.40
323.60 248.20
324.00 247.00
324.00 246.60
324.00 246.20
324.00 245.80
324.00 245.40
324.00 245.00
324.40 244.40
324.80 243.80
325.20 243.20
325.60 242.60
326.00 242.00
326.60 242.00
327.20 242.00
327.80 242.00
328.40 242.00
329.00 242.00
329.60 242.00
330.20 242.00
330.80 242.00
331.40 242.00
332.00 242.00
333.60 241.80
335.20 241.60
336.80 241.40
338.40 241.20
340.00 241.00
342.80 242.00
345.60 243.00
348.40 244.00
351.20 245.00
354.00 246.00
355.60 246.40
357.20 246.80
358.80 247.20
360.40 247.60
362.00 248.00
364.00 248.00
366.00 248.00
368.00 248.00
370.00 248.00
372.00 248.00
373.80 248.20
375.60 248.40
377.40 248.60
379.20 248.80
381.00 249.00
382.80 249.80
384.60 250.60
386.40 251.40
388.20 252.20
390.00 253.00
392.20 253.40
394.40 253.80
396.60 254.20
398.80 254.60
401.00 255.00
403.20 255.80
405.40 256.60
407.60 257.40
409.80 258.20
412.00 259.00
414.80 259.80
417.60 260.60
420.40 261.40
423.20 262.20
426.00 263.00
428.20 263.40
430.40 263.80
432.60 264.20
434.80 264.60
437.00 265.00
439.20 266.00
441.40 267.00
443.60 268.00
445.80 269.00
448.00 270.00
450.00 270.60
452.00 271.20
454.00 271.80
456.00 272.40
458.00 273.00
462.40 275.60
466.80 278.20
471.20 280.80
475.60 283.40
480.00 286.00
481.40 286.60
482.80 287.20
484.20 287.80
485.60 288.40
487.00 289.00
488.60 289.80
490.20 290.60
491.80 291.40
493.40 292.20
495.00 293.00
496.20 293.60
497.40 294.20
498.60 294.80
499.80 295.40
501.00 296.00
502.00 296.40
503.00 296.80
504.00 297.20
505.00 297.60
506.00 298.00
507.00 298.20
508.00 298.40
509.00 298.60
510.00 298.80
511.00 299.00
511.80 299.20
512.60 299.40
513.40 299.60
514.20 299.80
515.00 300.00
515.60 300.60
516.20 301.20
516.80 301.80
517.40 302.40
518.00 303.00
518.80 302.80
519.60 302.60
520.40 302.40
521.20 302.20
522.00 302.00
522.00 301.80
522.00 301.60
522.00 301.40
522.00 301.20
522.00 301.00
522.20 301.20
522.40 301.40
522.60 301.60
522.80 301.80
523.00 302.00
523.00 301.60
523.00 301.20
523.00 300.80
523.00 300.40
523.00 300.00
523.00 300.20
523.00 300.40
523.00 300.60
523.00 300.80
523.00 301.00
524.20 302.00
525.40 303.00
526.60 304.00
527.80 305.00
529.00 306.00
528.80 305.80
528.60 305.60
528.40 305.40
528.20 305.20
528.00 305.00
527.80 304.60
527.60 304.20
527.40 303.80
527.20 303.40
527.00 303.00
526.40 302.80
525.80 302.60
525.20 302.40
524.60 302.20
524.00 302.00
523.60 300.80
523.20 299.60
522.80 298.40
522.40 297.20
522.00 296.00
521.80 295.20
521.60 294.40
521.40 293.60
521.20 292.80
521.00 292.00
521.60 290.20
522.20 288.40
522.80 286.60
523.40 284.80
524.00 283.00
524.00 282.00
524.00 281.00
524.00 280.00
524.00 279.00
524.00 278.00
523.80 277.20
523.60 276.40
523.40 275.60
523.20 274.80
523.00 274.00
522.60 273.40
522.20 272.80
521.80 272.20
521.40 271.60
521.00 271.00
520.80 270.40
520.60 269.80
520.40 269.20
520.20 268.60
520.00 268.00
519.80 267.80
519.60 267.60
519.40 267.40
519.20 267.20
519.00 267.00
518.40 266.80
517.80 266.60
517.20 266.40
516.60 266.20
516.00 266.00
515.00 265.80
514.00 265.60
513.00 265.40
512.00 265.20
511.00 265.00
509.20 264.60
507.40 264.20
505.60 263.80
503.80 263.40
502.00 263.00
500.40 262.60
498.80 262.20
497.20 261.80
495.60 261.40
494.00 261.00
492.60 260.60
491.20 260.20
489.80 259.80
488.40 259.40
487.00 259.00
485.00 258.60
483.00 258.20
481.00 257.80
479.00 257.40
477.00 257.00
474.20 256.60
471.40 256.20
468.60 255.80
465.80 255.40
463.00 255.00
460.60 254.00
458.20 253.00
455.80 252.00
453.40 251.00
451.00 250.00
448.60 249.60
446.20 249.20
443.80 248.80
441.40 248.40
439.00 248.00
436.00 247.40
433.00 246.80
430.00 246.20
427.00 245.60
424.00 245.00
421.60 244.80
419.20 244.60
416.80 244.40
414.40 244.20
412.00 244.00
409.80 244.00
407.60 244.00
405.40 244.00
403.20 244.00
401.00 244.00
399.00 243.80
397.00 243.60
395.00 243.40
393.00 243.20
391.00 243.00
389.20 242.80
387.40 242.60
385.60 242.40
383.80 242.20
382.00 242.00
380.20 242.00
378.40 242.00
376.60 242.00
374.80 242.00
373.00 242.00
371.40 241.80
369.80 241.60
368.20 241.40
366.60 241.20
365.00 241.00
363.80 241.20
362.60 241.40
361.40 241.60
360.20 241.80
359.00 242.00
357.60 242.20
356.20 242.40
354.80 242.60
353.40 242.80
352.00 243.00
351.20 243.20
350.40 243.40
349.60 243.60
348.80 243.80
348.00 244.00
347.40 244.20
346.80 244.40
346.20 244.60
345.60 244.80
345.00 245.00
344.40 244.80
343.80 244.60
343.20 244.40
342.60 244.20
342.00 244.00
341.40 244.00
340.80 244.00
340.20 244.00
339.60 244.00
339.00 244.00
338.60 244.00
338.20 244.00
337.80 244.00
337.40 244.00
337.00 244.00
336.60 244.00
336.20 244.00
335.80 244.00
335.40 244.00
335.00 244.00
334.80 244.20
334.60 244.40
334.40 244.60
334.20 244.80
334.00 245.00
334.20 245.00
334.40 245.00
334.60 245.00
334.80 245.00
335.00 245.00
335.00 244.60
335.00 244.20
335.00 243.80
335.00 243.40
335.00 243.00
335.20 243.00
335.40 243.00
335.60 243.00
335.80 243.00
336.00 243.00
336.20 242.60
336.40 242.20
336.60 241.80
336.80 241.40
337.00 241.00
337.00 240.80
337.00 240.60
337.00 240.40
337.00 240.20
337.00 240.00
337.00 239.40
337.00 238.80
337.00 238.20
337.00 237.60
337.00 237.00
337.00 236.00
337.00 235.00
337.00 234.00
337.00 233.00
337.00 232.00
337.00 231.00
337.00 230.00
337.00 229.00
337.00 228.00
337.00 227.00
336.80 226.00
336.60 225.00
336.40 224.00
336.20 223.00
336.00 222.00
336.20 221.00
336.40 220.00
336.60 219.00
336.80 218.00
337.00 217.00
337.00 216.40
337.00 215.80
337.00 215.20
337.00 214.60
337.00 214.00
335.60 213.80
334.20 213.60
332.80 213.40
331.40 213.20
330.00 213.00
330.40 212.80
330.80 212.60
331.20 212.40
331.60 212.20
332.00 212.00
332.40 212.00
332.80 212.00
333.20 212.00
333.60 212.00
334.00 212.00
334.80 212.00
335.60 212.00
336.40 212.00
337.20 212.00
338.00 212.00
339.40 212.00
340.80 212.00
342.20 212.00
343.60 212.00
345.00 212.00
346.40 212.00
347.80 212.00
349.20 212.00
350.60 212.00
352.00 212.00
353.40 211.80
354.80 211.60
356.20 211.40
357.60 211.20
359.00 211.00
360.40 210.80
361.80 210.60
363.20 210.40
364.60 210.20
366.00 210.00
367.40 209.80
368.80 209.60
370.20 209.40
371.60 209.20
373.00 209.00
373.40 208.80
373.80 208.60
374.20 208.40
374.60 208.20
375.00 208.00
377.00 207.80
379.00 207.60
381.00 207.40
383.00 207.20
385.00 207.00
387.20 207.00
389.40 207.00
391.60 207.00
393.80 207.00
396.00 207.00
398.80 207.40
401.60 207.80
404.40 208.20
407.20 208.60
410.00 209.00
411.80 209.60
413.60 210.20
415.40 210.80
417.20 211.40
419.00 212.00
422.00 212.20
425.00 212.40
428.00 212.60
431.00 212.80
434.00 213.00
436.40 213.80
438.80 214.60
441.20 215.40
443.60 216.20
446.00 217.00
450.00 218.80
454.00 220.60
458.00 222.40
462.00 224.20
466.00 226.00
468.20 226.60
470.40 227.20
472.60 227.80
474.80 228.40
477.00 229.00
478.60 229.80
480.20 230.60
481.80 231.40
483.40 232.20
485.00 233.00
486.80 234.00
488.60 235.00
490.40 236.00
492.20 237.00
494.00 238.00
495.20 238.80
496.40 239.60
497.60 240.40
498.80 241.20
500.00 242.00
501.00 242.60
502.00 243.20
503.00 243.80
504.00 244.40
505.00 245.00
506.40 245.40
507.80 245.80
509.20 246.20
510.60 246.60
512.00 247.00
512.60 247.60
513.20 248.20
513.80 248.80
514.40 249.40
515.00 250.00
515.60 250.40
516.20 250.80
516.80 251.20
517.40 251.60
518.00 252.00
518.40 252.40
518.80 252.80
519.20 253.20
519.60 253.60
520.00 254.00
520.20 254.20
520.40 254.40
520.60 254.60
520.80 254.80
521.00 255.00
521.20 255.00
521.40 255.00
521.60 255.00
521.80 255.00
522.00 255.00
522.00 255.00
522.00 255.00
522.00 255.00
522.00 255.00
522.00 255.00
522.00 254.80
522.00 254.60
522.00 254.40
522.00 254.20
522.00 254.00
522.00 254.00
522.00 254.00
522.00 254.00
522.00 254.00
522.00 254.00
521.80 253.80
521.60 253.60
521.40 253.40
521.20 253.20
521.00 253.00
520.60 252.40
520.20 251.80
519.80 251.20
519.40 250.60
519.00 250.00
519.20 249.60
519.40 249.20
519.60 248.80
519.80 248.40
520.00 248.00
520.40 247.40
520.80 246.80
521.20 246.20
521.60 245.60
522.00 245.00
522.00 244.20
522.00 243.40
522.00 242.60
522.00 241.80
522.00 241.00
521.80 240.40
521.60 239.80
521.40 239.20
521.20 238.60
521.00 238.00
520.80 237.60
520.60 237.20
520.40 236.80
520.20 236.40
520.00 236.00
520.00 235.80
520.00 235.60
520.00 235.40
520.00 235.20
520.00 235.00
519.60 234.60
519.20 234.20
518.80 233.80
518.40 233.40
518.00 233.00
517.20 232.60
516.40 232.20
515.60 231.80
514.80 231.40
514.00 231.00
513.25 230.50
512.50 230.00
511.75 229.50
511.00 229.00
